1	22.22222222222222
2	12.5
3	16.666666666666664
4	16.0
5	28.57142857142857
6	42.857142857142854
7	40.0
8	20.588235294117645
9	14.285714285714285
10	12.5
11	12.82051282051282
12	0.0
13	0.0
14	17.647058823529413
15	0.0
16	16.666666666666664
17	2.5
18	8.333333333333332
19	12.0
20	5.714285714285714
21	13.636363636363635
22	3.3333333333333335
23	2.564102564102564
24	22.22222222222222
25	13.333333333333334
26	11.11111111111111
27	15.625
28	0.0
29	10.714285714285714
30	16.666666666666664
31	21.428571428571427
32	13.333333333333334
33	0.0
34	33.33333333333333
35	5.555555555555555
36	5.555555555555555
37	12.962962962962962
38	20.0
39	12.727272727272727
40	8.333333333333332
41	0.0
42	6.25
43	2.2222222222222223
44	22.22222222222222
45	17.02127659574468
46	27.77777777777778
47	12.727272727272727
48	14.583333333333334
49	35.483870967741936
50	5.88235294117647
51	28.57142857142857
52	15.217391304347828
53	11.11111111111111
54	5.263157894736842
55	8.333333333333332
56	6.25
57	27.77777777777778
58	18.181818181818183
59	13.636363636363635
60	25.0
61	14.285714285714285
62	0.0
63	11.11111111111111
64	6.122448979591836
65	33.33333333333333
66	73.68421052631578
67	14.285714285714285
68	0.0
69	20.0
70	9.30232558139535
71	35.0
72	18.181818181818183
73	33.33333333333333
74	53.48837209302325
75	20.0
76	5.88235294117647
77	0.0
78	20.0
79	5.88235294117647
80	8.333333333333332
81	3.8461538461538463
82	12.121212121212121
83	16.666666666666664
84	16.666666666666664
85	100.0
86	10.0
87	5.88235294117647
88	17.24137931034483
89	12.5
90	5.263157894736842
91	26.31578947368421
92	50.0
93	9.090909090909092
94	4.3478260869565215
95	9.090909090909092
96	8.571428571428571
97	25.0
98	26.08695652173913
99	19.230769230769234
100	41.81818181818181
101	19.444444444444446
102	20.689655172413794
103	36.0
104	33.33333333333333
105	9.090909090909092
106	7.4074074074074066
107	11.11111111111111
108	15.384615384615385
109	20.0
110	22.22222222222222
111	160.0
112	25.0
113	33.33333333333333
114	0.0
115	0.0
116	7.6923076923076925
117	20.454545454545457
118	30.0
119	100.0
120	10.0
121	17.647058823529413
122	4.0
123	11.428571428571429
124	5.555555555555555
125	4.0
126	7.894736842105263
127	6.451612903225806
128	12.5
129	14.285714285714285
130	22.727272727272727
131	11.11111111111111
132	16.3265306122449
133	6.666666666666667
134	22.22222222222222
135	5.555555555555555
136	30.76923076923077
137	72.0
138	38.46153846153847
139	13.333333333333334
140	8.695652173913043
141	1.7857142857142856
142	0.0
143	0.0
144	50.0
145	8.88888888888889
146	5.88235294117647
147	84.61538461538461
148	12.5
149	7.547169811320755
150	4.3478260869565215
151	6.122448979591836
152	100.0
153	29.82456140350877
154	11.76470588235294
155	18.96551724137931
156	20.0
157	21.428571428571427
158	56.25
159	17.857142857142858
160	5.0
161	18.333333333333332
162	21.428571428571427
163	45.45454545454545
164	10.0
165	25.0
166	3.3333333333333335
167	30.0
168	0.0
169	6.976744186046512
170	18.75
171	26.08695652173913
172	15.384615384615385
173	8.333333333333332
174	11.363636363636363
175	20.0
176	8.571428571428571
177	18.51851851851852
178	15.0
179	28.57142857142857
180	10.0
181	9.090909090909092
182	6.25
183	4.25531914893617
184	21.428571428571427
185	21.27659574468085
186	37.5
187	15.217391304347828
188	13.333333333333334
189	10.526315789473683
190	11.11111111111111
191	7.6923076923076925
192	13.513513513513514
193	13.88888888888889
194	4.3478260869565215
195	9.090909090909092
196	8.333333333333332
197	50.0
198	0.0
199	4.545454545454546
200	33.33333333333333
201	20.0
202	25.0
203	17.857142857142858
204	40.0
205	25.0
206	16.666666666666664
207	57.14285714285714
208	10.81081081081081
209	10.0
210	20.0
211	14.634146341463413
212	18.75
213	22.727272727272727
214	19.565217391304348
215	9.090909090909092
216	18.181818181818183
217	7.6923076923076925
218	66.66666666666666
219	15.909090909090908
220	26.666666666666668
221	4.651162790697675
222	33.33333333333333
223	16.0
224	25.0
225	14.000000000000002
226	6.8181818181818175
227	25.0
228	25.0
229	18.867924528301888
230	28.57142857142857
231	6.666666666666667
232	7.6923076923076925
233	6.25
234	9.090909090909092
235	24.0
236	3.4482758620689653
237	5.88235294117647
238	5.555555555555555
239	0.0
240	13.333333333333334
241	9.75609756097561
242	35.0
243	21.73913043478261
244	5.405405405405405
245	0.0
246	18.6046511627907
247	23.076923076923077
248	17.307692307692307
249	11.11111111111111
250	7.5
251	7.2727272727272725
252	2.380952380952381
253	4.878048780487805
254	4.444444444444445
255	11.538461538461538
256	9.090909090909092
257	5.0
258	8.333333333333332
259	2.5
260	4.166666666666666
261	73.33333333333333
262	16.666666666666664
263	8.51063829787234
264	6.25
265	0.0
266	3.571428571428571
267	11.538461538461538
268	14.285714285714285
269	16.216216216216218
270	19.047619047619047
271	15.151515151515152
272	0.0
273	13.636363636363635
274	11.76470588235294
275	18.75
276	10.714285714285714
277	25.0
278	6.666666666666667
279	20.0
280	7.142857142857142
281	8.0
282	5.263157894736842
283	17.857142857142858
284	11.538461538461538
285	3.0303030303030303
286	25.806451612903224
287	10.714285714285714
288	10.344827586206897
289	33.33333333333333
290	42.857142857142854
291	10.0
292	6.521739130434782
293	28.57142857142857
294	7.142857142857142
295	16.363636363636363
296	39.473684210526315
297	65.51724137931035
298	53.84615384615385
299	10.526315789473683
300	3.225806451612903
301	40.0
302	0.0
303	12.5
304	7.8125
305	44.44444444444444
306	40.0
307	25.0
308	10.909090909090908
309	13.333333333333334
310	21.428571428571427
311	12.195121951219512
312	14.285714285714285
313	9.090909090909092
314	6.0606060606060606
315	6.25
316	13.157894736842104
317	17.94871794871795
318	18.64406779661017
319	11.11111111111111
320	23.809523809523807
321	15.384615384615385
322	8.571428571428571
323	23.076923076923077
324	4.761904761904762
325	0.0
326	21.428571428571427
327	12.5
328	11.11111111111111
329	85.71428571428571
330	29.629629629629626
331	28.57142857142857
332	19.047619047619047
333	20.0
334	12.903225806451612
335	25.49019607843137
336	0.0
337	0.0
338	14.634146341463413
339	21.052631578947366
340	8.928571428571429
341	11.76470588235294
342	54.166666666666664
343	8.333333333333332
344	10.256410256410255
345	11.363636363636363
346	0.0
347	6.0606060606060606
348	12.82051282051282
349	11.11111111111111
350	8.571428571428571
351	60.0
352	7.894736842105263
353	35.714285714285715
354	20.0
355	4.545454545454546
356	19.565217391304348
357	25.0
358	18.75
359	0.0
360	5.263157894736842
361	8.620689655172415
362	7.142857142857142
363	66.66666666666666
364	22.22222222222222
365	13.333333333333334
366	6.521739130434782
367	9.523809523809524
368	12.962962962962962
369	16.666666666666664
370	0.0
371	0.0
372	7.142857142857142
373	30.434782608695656
374	10.0
375	15.789473684210526
376	24.0
377	9.523809523809524
378	7.4074074074074066
379	6.25
380	20.0
381	4.761904761904762
382	4.545454545454546
383	0.0
384	13.636363636363635
385	10.526315789473683
386	0.0
387	17.857142857142858
388	21.951219512195124
389	9.375
390	9.090909090909092
391	7.547169811320755
392	33.33333333333333
393	15.384615384615385
394	25.0
395	8.51063829787234
396	0.0
397	23.88059701492537
398	25.0
399	25.0
400	16.129032258064516
401	24.242424242424242
402	32.0
403	23.52941176470588
404	25.0
405	15.384615384615385
406	14.583333333333334
407	6.521739130434782
408	18.181818181818183
409	27.77777777777778
410	4.3478260869565215
411	11.11111111111111
412	19.51219512195122
413	0.0
414	15.217391304347828
415	36.84210526315789
416	0.0
417	5.263157894736842
418	0.0
419	27.77777777777778
420	6.666666666666667
421	5.555555555555555
422	68.75
423	8.333333333333332
424	13.636363636363635
425	31.57894736842105
426	25.925925925925924
427	17.24137931034483
428	20.833333333333336
429	27.77777777777778
430	7.142857142857142
431	50.0
432	50.0
433	0.0
434	10.416666666666668
435	13.793103448275861
436	19.35483870967742
437	10.714285714285714
438	39.53488372093023
439	23.52941176470588
440	39.02439024390244
441	3.8461538461538463
442	13.333333333333334
443	14.285714285714285
444	66.66666666666666
445	8.823529411764707
446	0.0
447	42.857142857142854
448	13.793103448275861
449	36.36363636363637
450	12.903225806451612
451	16.666666666666664
452	3.0303030303030303
453	0.0
454	7.4074074074074066
455	7.4074074074074066
456	2.631578947368421
457	17.94871794871795
458	7.142857142857142
459	0.0
460	0.0
461	0.0
462	12.76595744680851
463	4.545454545454546
464	0.0
465	9.523809523809524
466	18.0
467	21.428571428571427
468	6.666666666666667
469	7.6923076923076925
470	16.666666666666664
471	0.0
472	3.3333333333333335
473	11.538461538461538
474	8.823529411764707
475	2.4390243902439024
476	14.285714285714285
477	0.0
478	0.0
479	2.127659574468085
480	30.434782608695656
481	29.166666666666668
482	2.3255813953488373
483	11.11111111111111
484	10.526315789473683
485	13.043478260869565
486	9.523809523809524
487	15.384615384615385
488	10.0
489	12.195121951219512
490	6.896551724137931
491	6.0606060606060606
492	25.0
493	8.333333333333332
494	2.941176470588235
495	15.0
496	22.58064516129032
497	6.451612903225806
498	9.090909090909092
499	25.71428571428571
500	20.0
501	16.666666666666664
502	18.181818181818183
503	50.0
504	12.5
505	17.647058823529413
506	17.073170731707318
507	10.526315789473683
508	9.090909090909092
509	12.068965517241379
510	16.666666666666664
511	37.142857142857146
512	0.0
513	10.526315789473683
514	11.76470588235294
515	21.052631578947366
516	11.11111111111111
517	18.75
518	0.0
519	80.0
520	33.33333333333333
521	27.27272727272727
522	4.0
523	25.0
524	24.137931034482758
525	22.448979591836736
526	19.047619047619047
527	17.647058823529413
528	16.0
529	23.52941176470588
530	50.0
531	23.076923076923077
532	50.0
533	66.66666666666666
534	22.727272727272727
535	25.806451612903224
536	24.137931034482758
537	22.727272727272727
538	30.0
539	23.52941176470588
540	10.526315789473683
541	30.0
542	25.0
543	15.555555555555555
544	0.0
545	3.571428571428571
546	7.8431372549019605
547	7.4074074074074066
548	5.263157894736842
549	6.25
550	20.588235294117645
551	8.695652173913043
552	12.244897959183673
553	11.904761904761903
554	11.76470588235294
555	16.666666666666664
556	37.5
557	26.190476190476193
558	50.0
559	10.256410256410255
560	28.57142857142857
561	40.0
562	20.0
563	23.91304347826087
564	43.75
565	5.88235294117647
566	6.666666666666667
567	9.090909090909092
568	25.0
569	27.27272727272727
570	66.66666666666666
571	25.0
572	80.0
573	11.904761904761903
574	24.0
575	33.33333333333333
576	42.857142857142854
577	42.10526315789473
578	14.285714285714285
579	7.142857142857142
580	24.074074074074073
581	71.42857142857143
582	20.689655172413794
583	66.66666666666666
584	35.55555555555556
585	25.0
586	8.88888888888889
587	17.647058823529413
588	5.0
589	20.689655172413794
590	8.333333333333332
591	28.57142857142857
592	4.166666666666666
593	35.714285714285715
594	32.35294117647059
595	17.142857142857142
596	17.647058823529413
597	20.0
598	9.090909090909092
599	25.0
600	14.893617021276595
601	8.823529411764707
602	7.142857142857142
603	200.0
604	6.666666666666667
605	26.666666666666668
606	17.391304347826086
607	9.090909090909092
608	18.75
609	14.285714285714285
610	12.121212121212121
611	28.57142857142857
612	14.285714285714285
613	15.217391304347828
614	6.896551724137931
615	20.0
616	14.285714285714285
617	23.076923076923077
618	10.869565217391305
619	2.0
620	7.142857142857142
621	7.6923076923076925
622	28.35820895522388
623	6.451612903225806
624	11.11111111111111
625	12.121212121212121
626	21.428571428571427
627	20.51282051282051
628	50.0
629	200.0
630	8.333333333333332
631	5.555555555555555
632	25.0
633	17.94871794871795
634	2.3255813953488373
635	19.047619047619047
636	14.705882352941178
637	16.666666666666664
638	35.714285714285715
639	19.047619047619047
640	28.125
641	8.88888888888889
642	7.5
643	12.5
644	7.317073170731707
645	13.953488372093023
646	30.434782608695656
647	15.789473684210526
648	20.51282051282051
649	4.761904761904762
650	29.411764705882355
651	22.0
652	22.857142857142858
653	52.63157894736842
654	60.0
655	12.5
656	4.3478260869565215
657	61.111111111111114
658	16.129032258064516
659	35.13513513513514
660	33.33333333333333
661	13.043478260869565
662	33.33333333333333
663	33.33333333333333
664	21.21212121212121
665	28.57142857142857
666	48.275862068965516
667	26.53061224489796
668	33.33333333333333
669	29.166666666666668
670	12.76595744680851
671	7.017543859649122
672	14.285714285714285
673	3.571428571428571
674	4.761904761904762
675	7.6923076923076925
676	5.714285714285714
677	20.0
678	21.73913043478261
679	6.666666666666667
680	12.244897959183673
681	5.0
682	16.666666666666664
683	16.129032258064516
684	17.142857142857142
685	3.9215686274509802
686	0.0
687	7.6923076923076925
688	12.76595744680851
689	12.121212121212121
690	24.137931034482758
691	17.543859649122805
692	36.36363636363637
693	6.8181818181818175
694	17.391304347826086
695	0.0
696	14.285714285714285
697	13.043478260869565
698	8.695652173913043
699	100.0
700	33.33333333333333
701	20.833333333333336
702	0.0
703	0.0
704	50.0
705	40.0
706	21.052631578947366
707	14.285714285714285
708	5.263157894736842
709	0.0
710	0.0
711	0.0
712	5.555555555555555
713	0.0
714	10.0
715	8.695652173913043
716	0.0
717	17.647058823529413
718	4.761904761904762
719	13.043478260869565
720	14.285714285714285
721	12.5
722	11.11111111111111
723	9.523809523809524
724	7.6923076923076925
725	13.333333333333334
726	0.0
727	5.555555555555555
728	9.090909090909092
729	6.25
730	9.803921568627452
731	0.0
732	0.0
733	0.0
734	0.0
735	0.0
736	12.5
737	7.142857142857142
738	24.137931034482758
739	13.333333333333334
740	12.0
741	40.0
742	5.555555555555555
743	0.0
744	9.523809523809524
745	2.272727272727273
746	5.263157894736842
747	20.689655172413794
748	20.0
749	0.0
750	17.391304347826086
751	10.0
752	21.62162162162162
753	0.0
754	35.294117647058826
755	13.793103448275861
756	19.047619047619047
757	18.181818181818183
758	33.33333333333333
759	40.0
760	12.5
761	0.0
762	0.0
763	12.5
764	14.285714285714285
765	20.0
766	10.526315789473683
767	44.44444444444444
768	25.925925925925924
769	5.555555555555555
770	4.545454545454546
771	32.25806451612903
772	30.0
773	26.923076923076923
774	15.0
775	51.35135135135135
776	41.17647058823529
777	60.71428571428571
778	30.0
779	33.33333333333333
780	0.0
781	65.21739130434783
782	51.11111111111111
783	50.0
784	57.89473684210527
785	25.0
786	33.33333333333333
787	38.297872340425535
788	47.368421052631575
789	26.08695652173913
790	23.52941176470588
791	20.833333333333336
792	24.0
793	12.5
794	6.896551724137931
795	6.666666666666667
796	8.695652173913043
797	22.22222222222222
798	29.268292682926827
799	40.0
800	7.894736842105263
801	31.372549019607842
802	19.047619047619047
803	22.22222222222222
804	0.0
805	13.333333333333334
806	33.33333333333333
807	8.333333333333332
808	9.67741935483871
809	17.94871794871795
810	13.636363636363635
811	9.433962264150944
812	52.17391304347826
813	100.0
814	0.0
815	17.741935483870968
816	23.333333333333332
817	12.0
818	12.903225806451612
819	13.333333333333334
820	10.0
821	8.51063829787234
822	5.88235294117647
823	23.076923076923077
824	28.26086956521739
825	7.142857142857142
826	17.857142857142858
827	9.67741935483871
828	6.25
829	7.6923076923076925
830	5.405405405405405
831	3.225806451612903
832	30.555555555555557
833	71.42857142857143
834	29.166666666666668
835	20.0
836	15.384615384615385
837	15.217391304347828
838	0.0
839	0.0
840	23.809523809523807
841	6.666666666666667
842	25.0
843	36.36363636363637
844	18.181818181818183
845	33.33333333333333
846	0.0
847	25.0
848	10.416666666666668
849	8.571428571428571
850	12.5
851	17.073170731707318
852	17.5
853	18.181818181818183
854	0.0
855	2.857142857142857
856	18.75
857	2.7777777777777777
858	6.666666666666667
859	10.0
860	10.0
861	0.0
862	22.0
863	18.75
864	0.0
865	0.0
866	15.0
867	11.11111111111111
868	50.0
869	12.5
870	2.857142857142857
871	43.47826086956522
872	72.72727272727273
873	8.333333333333332
874	2.3255813953488373
875	100.0
876	0.0
877	0.0
878	0.0
879	25.0
880	11.428571428571429
881	14.705882352941178
882	0.0
883	2.857142857142857
884	2.941176470588235
885	10.81081081081081
886	11.538461538461538
887	11.538461538461538
888	7.142857142857142
889	2.857142857142857
890	7.5
891	6.25
892	0.0
893	25.64102564102564
894	4.0
895	10.0
896	22.22222222222222
897	0.0
898	7.142857142857142
899	0.0
900	15.789473684210526
901	14.285714285714285
902	4.3478260869565215
903	0.0
904	6.25
905	8.333333333333332
906	16.0
907	11.627906976744185
908	8.333333333333332
909	15.384615384615385
910	16.666666666666664
911	6.25
912	10.869565217391305
913	10.0
914	10.526315789473683
915	9.375
916	16.216216216216218
917	10.0
918	8.51063829787234
919	16.666666666666664
920	7.142857142857142
921	25.0
922	12.5
923	14.285714285714285
924	6.8181818181818175
925	13.333333333333334
926	7.2727272727272725
927	10.714285714285714
928	8.823529411764707
929	10.526315789473683
930	0.0
931	22.22222222222222
932	13.636363636363635
933	13.20754716981132
934	11.11111111111111
935	0.0
936	21.62162162162162
937	10.9375
938	12.5
939	16.666666666666664
940	33.33333333333333
941	9.375
942	6.666666666666667
943	12.195121951219512
944	45.45454545454545
945	25.806451612903224
946	21.21212121212121
947	3.7037037037037033
948	14.583333333333334
949	4.3478260869565215
950	4.3478260869565215
951	25.0
952	66.66666666666666
953	54.54545454545454
954	7.8431372549019605
955	17.391304347826086
956	40.0
957	25.0
958	19.047619047619047
959	0.0
960	16.216216216216218
961	11.11111111111111
962	21.21212121212121
963	9.090909090909092
964	7.142857142857142
965	23.076923076923077
966	15.09433962264151
967	4.615384615384616
968	41.17647058823529
969	29.629629629629626
970	13.043478260869565
971	11.76470588235294
972	6.122448979591836
973	14.285714285714285
974	13.043478260869565
975	15.625
976	33.33333333333333
977	6.25
978	10.714285714285714
979	20.0
980	13.043478260869565
981	33.33333333333333
982	25.0
983	13.043478260869565
984	18.181818181818183
985	100.0
986	21.428571428571427
987	17.857142857142858
988	22.0
989	16.216216216216218
990	16.666666666666664
991	11.11111111111111
992	14.634146341463413
993	19.35483870967742
994	18.181818181818183
995	11.76470588235294
996	23.809523809523807
997	23.076923076923077
998	39.473684210526315
999	3.4482758620689653
1000	14.285714285714285
1001	7.6923076923076925
1002	9.615384615384617
1003	16.666666666666664
1004	30.0
1005	33.33333333333333
1006	100.0
1007	100.0
1008	10.0
1009	9.090909090909092
1010	8.695652173913043
1011	12.5
1012	4.0
1013	7.6923076923076925
1014	3.0303030303030303
1015	4.761904761904762
1016	0.0
1017	21.428571428571427
1018	11.11111111111111
1019	25.0
1020	7.142857142857142
1021	7.4074074074074066
1022	0.0
1023	5.405405405405405
1024	20.0
1025	17.142857142857142
1026	62.5
1027	25.0
1028	13.043478260869565
1029	19.230769230769234
1030	5.555555555555555
1031	3.3333333333333335
1032	28.57142857142857
1033	83.33333333333334
1034	35.294117647058826
1035	19.047619047619047
1036	12.121212121212121
1037	3.8461538461538463
1038	15.0
1039	0.0
1040	0.0
1041	23.809523809523807
1042	6.666666666666667
1043	25.0
1044	27.27272727272727
1045	18.181818181818183
1046	33.33333333333333
1047	11.11111111111111
1048	0.0
1049	17.24137931034483
1050	15.384615384615385
1051	3.571428571428571
1052	0.0
1053	5.88235294117647
1054	0.0
1055	6.451612903225806
1056	3.225806451612903
1057	31.25
1058	22.5
1059	16.666666666666664
1060	6.666666666666667
1061	7.142857142857142
1062	10.0
1063	3.3333333333333335
1064	5.0
1065	6.896551724137931
1066	200.0
1067	31.57894736842105
1068	0.0
1069	27.77777777777778
1070	10.526315789473683
1071	11.538461538461538
1072	50.0
1073	20.0
1074	7.6923076923076925
1075	20.0
1076	11.76470588235294
1077	14.285714285714285
1078	14.285714285714285
1079	16.666666666666664
1080	0.0
1081	26.666666666666668
1082	0.0
1083	35.294117647058826
1084	7.6923076923076925
1085	57.14285714285714
1086	0.0
1087	16.666666666666664
1088	8.695652173913043
1089	16.666666666666664
1090	13.333333333333334
1091	16.666666666666664
1092	22.22222222222222
1093	9.523809523809524
1094	13.333333333333334
1095	10.0
1096	25.0
1097	14.285714285714285
1098	23.076923076923077
1099	10.0
1100	20.0
1101	13.636363636363635
1102	10.0
1103	0.0
1104	40.0
1105	5.0
1106	63.63636363636363
1107	10.0
1108	0.0
1109	0.0
1110	0.0
1111	9.523809523809524
1112	6.0606060606060606
1113	9.67741935483871
1114	25.0
1115	7.6923076923076925
1116	34.285714285714285
1117	40.0
1118	15.151515151515152
1119	66.66666666666666
1120	15.0
1121	14.285714285714285
1122	2.7777777777777777
1123	36.36363636363637
1124	10.204081632653061
1125	66.66666666666666
1126	20.0
1127	18.91891891891892
1128	9.523809523809524
1129	21.428571428571427
1130	0.0
1131	10.204081632653061
1132	7.4074074074074066
1133	8.88888888888889
1134	25.0
1135	14.285714285714285
1136	12.121212121212121
1137	6.666666666666667
1138	40.0
1139	0.0
1140	3.3333333333333335
1141	4.761904761904762
1142	21.951219512195124
1143	7.6923076923076925
1144	25.0
1145	85.71428571428571
1146	7.142857142857142
1147	25.0
1148	21.428571428571427
1149	20.689655172413794
1150	28.57142857142857
1151	33.33333333333333
1152	13.725490196078432
1153	10.0
1154	100.0
1155	10.81081081081081
1156	50.0
1157	11.11111111111111
1158	11.76470588235294
1159	21.052631578947366
1160	0.0
1161	36.36363636363637
1162	16.0
1163	33.33333333333333
1164	19.565217391304348
1165	14.285714285714285
1166	21.62162162162162
1167	33.33333333333333
1168	57.14285714285714
1169	65.21739130434783
1170	34.78260869565217
1171	7.142857142857142
1172	23.076923076923077
1173	2.631578947368421
1174	15.254237288135593
1175	13.88888888888889
1176	11.76470588235294
1177	17.647058823529413
1178	4.0
1179	3.7037037037037033
1180	6.666666666666667
1181	12.903225806451612
1182	8.88888888888889
1183	12.5
1184	3.7037037037037033
1185	34.78260869565217
1186	4.3478260869565215
1187	20.0
1188	100.0
1189	9.523809523809524
1190	18.181818181818183
1191	8.108108108108109
1192	12.195121951219512
1193	4.444444444444445
1194	10.416666666666668
1195	40.0
1196	28.205128205128204
1197	100.0
1198	4.166666666666666
1199	4.0
1200	23.809523809523807
1201	22.727272727272727
1202	5.128205128205128
1203	5.263157894736842
1204	12.5
1205	5.0
1206	43.75
1207	23.52941176470588
1208	19.047619047619047
1209	70.83333333333334
1210	16.666666666666664
1211	10.526315789473683
1212	23.076923076923077
1213	18.181818181818183
1214	23.52941176470588
1215	42.857142857142854
1216	27.27272727272727
1217	15.384615384615385
1218	12.82051282051282
1219	15.384615384615385
1220	10.714285714285714
1221	11.11111111111111
1222	21.73913043478261
1223	10.0
1224	11.76470588235294
1225	18.75
1226	13.636363636363635
1227	4.3478260869565215
1228	8.695652173913043
1229	16.666666666666664
1230	36.0
1231	3.0303030303030303
1232	11.11111111111111
1233	0.0
1234	0.0
1235	5.0
1236	11.11111111111111
1237	25.0
1238	5.88235294117647
1239	0.0
1240	6.666666666666667
1241	11.11111111111111
1242	9.375
1243	8.333333333333332
1244	21.62162162162162
1245	0.0
1246	10.526315789473683
1247	15.384615384615385
1248	20.0
1249	5.88235294117647
1250	16.666666666666664
1251	5.714285714285714
1252	0.0
1253	33.33333333333333
1254	0.0
1255	0.0
1256	20.0
1257	57.14285714285714
1258	11.627906976744185
1259	0.0
1260	2.941176470588235
1261	10.0
1262	2.564102564102564
1263	0.0
1264	10.0
1265	0.0
1266	33.33333333333333
1267	20.0
1268	18.75
1269	10.0
1270	20.0
1271	15.0
1272	8.571428571428571
1273	15.384615384615385
1274	25.71428571428571
1275	19.047619047619047
1276	0.0
1277	12.903225806451612
1278	8.695652173913043
1279	12.121212121212121
1280	8.16326530612245
1281	1.8518518518518516
1282	50.0
1283	0.0
1284	0.0
1285	25.0
1286	21.428571428571427
1287	100.0
1288	11.11111111111111
1289	25.0
1290	0.0
1291	6.25
1292	18.181818181818183
1293	13.636363636363635
1294	0.0
1295	23.809523809523807
1296	12.121212121212121
1297	0.0
1298	20.0
1299	30.434782608695656
1300	17.5
1301	20.0
1302	3.571428571428571
1303	3.3333333333333335
1304	18.181818181818183
1305	0.0
1306	11.538461538461538
1307	13.333333333333334
1308	6.25
1309	13.333333333333334
1310	6.25
1311	4.166666666666666
1312	4.166666666666666
1313	9.090909090909092
1314	0.0
1315	10.0
1316	33.33333333333333
1317	14.285714285714285
1318	16.666666666666664
1319	21.428571428571427
1320	7.142857142857142
1321	28.57142857142857
1322	10.0
1323	6.896551724137931
1324	4.166666666666666
1325	26.82926829268293
1326	4.761904761904762
1327	25.0
1328	30.0
1329	27.77777777777778
1330	0.0
1331	6.666666666666667
1332	8.0
1333	0.0
1334	11.76470588235294
1335	17.391304347826086
1336	5.88235294117647
1337	20.833333333333336
1338	9.090909090909092
1339	7.6923076923076925
1340	5.88235294117647
1341	14.285714285714285
1342	9.523809523809524
1343	12.5
1344	6.122448979591836
1345	6.25
1346	34.61538461538461
1347	12.5
1348	13.333333333333334
1349	35.294117647058826
1350	14.285714285714285
1351	2.4390243902439024
1352	7.6923076923076925
1353	11.428571428571429
1354	17.391304347826086
1355	22.727272727272727
1356	10.526315789473683
1357	19.444444444444446
1358	4.651162790697675
1359	6.976744186046512
1360	12.244897959183673
1361	5.714285714285714
1362	7.317073170731707
1363	37.5
1364	24.137931034482758
1365	20.930232558139537
1366	8.0
1367	5.263157894736842
1368	0.0
1369	20.0
1370	26.666666666666668
1371	4.761904761904762
1372	23.52941176470588
1373	20.689655172413794
1374	14.705882352941178
1375	5.88235294117647
1376	3.7037037037037033
1377	8.47457627118644
1378	15.0
1379	15.0
1380	28.57142857142857
1381	15.789473684210526
1382	27.77777777777778
1383	7.142857142857142
1384	0.0
1385	19.047619047619047
1386	10.714285714285714
1387	5.128205128205128
1388	13.559322033898304
1389	23.333333333333332
1390	30.0
1391	7.142857142857142
1392	10.9375
1393	16.666666666666664
1394	67.85714285714286
1395	26.923076923076923
1396	12.0
1397	7.6923076923076925
1398	81.81818181818183
1399	10.256410256410255
1400	20.0
1401	4.545454545454546
1402	23.52941176470588
1403	7.142857142857142
1404	13.793103448275861
1405	63.63636363636363
1406	40.0
1407	11.594202898550725
1408	20.0
1409	13.333333333333334
1410	30.555555555555557
1411	8.823529411764707
1412	11.11111111111111
1413	32.0
1414	8.333333333333332
1415	25.0
1416	33.33333333333333
1417	6.666666666666667
1418	14.000000000000002
1419	4.081632653061225
1420	22.22222222222222
1421	27.77777777777778
1422	137.5
1423	25.581395348837212
1424	13.333333333333334
1425	20.0
1426	3.571428571428571
1427	6.666666666666667
1428	7.6923076923076925
1429	5.084745762711865
1430	7.142857142857142
1431	11.11111111111111
1432	6.666666666666667
1433	6.666666666666667
1434	0.0
1435	5.263157894736842
1436	6.25
1437	12.5
1438	27.27272727272727
1439	20.0
1440	10.0
1441	7.142857142857142
1442	11.11111111111111
1443	9.090909090909092
1444	6.25
1445	12.5
1446	10.526315789473683
1447	9.523809523809524
1448	4.3478260869565215
1449	4.0
1450	5.0
1451	8.51063829787234
1452	11.538461538461538
1453	16.666666666666664
1454	26.190476190476193
1455	33.33333333333333
1456	10.416666666666668
1457	5.714285714285714
1458	19.047619047619047
1459	1.7543859649122806
1460	7.5
1461	10.256410256410255
1462	0.0
1463	7.142857142857142
1464	11.11111111111111
1465	8.823529411764707
1466	15.625
1467	34.146341463414636
1468	9.30232558139535
1469	16.666666666666664
1470	57.14285714285714
1471	13.725490196078432
1472	10.526315789473683
1473	0.0
1474	12.5
1475	10.0
1476	5.88235294117647
1477	6.25
1478	10.714285714285714
1479	6.0606060606060606
1480	38.095238095238095
1481	7.4074074074074066
1482	9.090909090909092
1483	14.285714285714285
1484	14.285714285714285
1485	20.0
1486	9.090909090909092
1487	10.0
1488	50.0
1489	12.5
1490	30.0
1491	0.0
1492	0.0
1493	5.128205128205128
1494	6.666666666666667
1495	16.666666666666664
1496	9.090909090909092
1497	4.761904761904762
1498	26.31578947368421
1499	3.7037037037037033
1500	23.076923076923077
1501	2.0
1502	9.75609756097561
1503	16.666666666666664
1504	0.0
1505	0.0
1506	16.666666666666664
1507	13.333333333333334
1508	9.090909090909092
1509	100.0
1510	9.523809523809524
1511	45.45454545454545
1512	0.0
1513	0.0
1514	0.0
1515	16.666666666666664
1516	25.0
1517	25.0
1518	5.0
1519	18.75
1520	13.793103448275861
1521	16.666666666666664
1522	3.571428571428571
1523	12.5
1524	10.869565217391305
1525	33.33333333333333
1526	0.0
1527	14.285714285714285
1528	12.5
1529	15.0
1530	9.090909090909092
1531	15.789473684210526
1532	11.11111111111111
1533	26.923076923076923
1534	22.22222222222222
1535	22.22222222222222
1536	6.25
1537	34.78260869565217
1538	6.896551724137931
1539	9.090909090909092
1540	33.33333333333333
1541	23.076923076923077
1542	9.859154929577464
1543	25.0
1544	6.25
1545	66.66666666666666
1546	21.153846153846153
1547	5.555555555555555
1548	10.0
1549	25.64102564102564
1550	10.714285714285714
1551	0.0
1552	17.391304347826086
1553	0.0
1554	13.043478260869565
1555	26.31578947368421
1556	10.714285714285714
1557	26.47058823529412
1558	15.0
1559	30.0
1560	12.5
1561	4.0
1562	17.24137931034483
1563	5.88235294117647
1564	0.0
1565	11.11111111111111
1566	5.0
1567	21.73913043478261
1568	3.7037037037037033
1569	7.6923076923076925
1570	0.0
1571	13.88888888888889
1572	10.526315789473683
1573	18.75
1574	5.555555555555555
1575	11.76470588235294
1576	9.090909090909092
1577	18.51851851851852
1578	20.0
1579	21.428571428571427
1580	9.523809523809524
1581	0.0
1582	100.0
1583	14.583333333333334
1584	6.666666666666667
1585	14.285714285714285
1586	10.204081632653061
1587	8.333333333333332
1588	26.31578947368421
1589	19.047619047619047
1590	20.833333333333336
1591	18.367346938775512
1592	25.0
1593	9.523809523809524
1594	0.0
1595	0.0
1596	27.586206896551722
1597	11.627906976744185
1598	12.5
1599	12.0
1600	26.82926829268293
1601	16.0
1602	2.1739130434782608
1603	11.11111111111111
1604	25.0
1605	13.636363636363635
1606	9.090909090909092
1607	25.71428571428571
1608	12.903225806451612
1609	19.148936170212767
1610	6.666666666666667
1611	10.0
1612	21.428571428571427
1613	20.689655172413794
1614	0.0
1615	7.317073170731707
1616	0.0
1617	8.333333333333332
1618	0.0
1619	5.263157894736842
1620	10.256410256410255
1621	11.363636363636363
1622	8.333333333333332
1623	0.0
1624	3.125
1625	4.3478260869565215
1626	15.151515151515152
1627	46.875
1628	21.428571428571427
1629	30.952380952380953
1630	37.142857142857146
1631	5.88235294117647
1632	12.121212121212121
1633	18.6046511627907
1634	14.285714285714285
1635	11.11111111111111
1636	7.547169811320755
1637	18.181818181818183
1638	9.30232558139535
1639	5.555555555555555
1640	14.705882352941178
1641	38.46153846153847
1642	10.909090909090908
1643	18.75
1644	41.17647058823529
1645	53.125
1646	16.666666666666664
1647	9.433962264150944
1648	8.51063829787234
1649	6.521739130434782
1650	34.48275862068966
1651	66.66666666666666
1652	8.51063829787234
1653	14.285714285714285
1654	6.382978723404255
1655	7.142857142857142
1656	33.33333333333333
1657	33.33333333333333
1658	28.57142857142857
1659	20.0
1660	28.57142857142857
1661	14.285714285714285
1662	40.0
1663	0.0
1664	50.0
1665	8.333333333333332
1666	6.25
1667	3.225806451612903
1668	15.625
1669	5.0
1670	12.5
1671	11.76470588235294
1672	12.195121951219512
1673	7.142857142857142
1674	13.88888888888889
1675	11.428571428571429
1676	15.217391304347828
1677	140.0
1678	5.88235294117647
1679	19.230769230769234
1680	7.6923076923076925
1681	16.3265306122449
1682	8.333333333333332
1683	20.0
1684	6.25
1685	12.82051282051282
1686	14.634146341463413
1687	7.142857142857142
1688	100.0
1689	33.33333333333333
1690	100.0
1691	20.408163265306122
1692	100.0
1693	28.57142857142857
1694	6.896551724137931
1695	24.0
1696	27.500000000000004
1697	13.793103448275861
1698	84.61538461538461
1699	100.0
1700	66.66666666666666
1701	10.126582278481013
1702	13.333333333333334
1703	14.814814814814813
1704	27.27272727272727
1705	21.12676056338028
1706	16.3265306122449
1707	12.903225806451612
1708	6.451612903225806
1709	30.76923076923077
1710	30.952380952380953
1711	18.91891891891892
1712	16.666666666666664
1713	0.0
1714	14.705882352941178
1715	10.81081081081081
1716	26.666666666666668
1717	3.225806451612903
1718	100.0
1719	10.0
1720	18.367346938775512
1721	20.0
1722	16.666666666666664
1723	29.411764705882355
1724	33.33333333333333
1725	56.25
1726	25.0
1727	11.11111111111111
1728	31.147540983606557
1729	25.0
1730	14.000000000000002
1731	14.285714285714285
1732	4.545454545454546
1733	14.285714285714285
1734	0.0
1735	72.72727272727273
1736	9.090909090909092
1737	35.294117647058826
1738	8.695652173913043
1739	7.142857142857142
1740	25.0
1741	27.77777777777778
1742	20.0
1743	16.666666666666664
1744	23.809523809523807
1745	29.411764705882355
1746	100.0
1747	100.0
1748	100.0
1749	100.0
1750	100.0
1751	50.0
1752	0.0
1753	34.04255319148936
1754	28.57142857142857
1755	5.555555555555555
1756	16.666666666666664
1757	100.0
1758	26.666666666666668
1759	14.285714285714285
1760	100.0
1761	37.5
1762	100.0
1763	100.0
1764	25.0
1765	42.857142857142854
1766	11.11111111111111
1767	35.294117647058826
1768	47.368421052631575
1769	10.0
1770	13.333333333333334
1771	2.941176470588235
1772	7.5
1773	100.0
1774	17.073170731707318
1775	26.47058823529412
1776	60.0
1777	13.333333333333334
1778	18.75
1779	8.108108108108109
1780	15.0
1781	35.714285714285715
1782	16.666666666666664
1783	33.33333333333333
1784	100.0
1785	25.0
1786	10.344827586206897
1787	25.0
1788	5.0
1789	13.20754716981132
1790	50.0
1791	14.000000000000002
1792	33.33333333333333
1793	4.25531914893617
1794	9.803921568627452
1795	5.88235294117647
1796	21.052631578947366
1797	20.833333333333336
1798	35.714285714285715
1799	0.0
1800	100.0
1801	14.814814814814813
1802	8.333333333333332
1803	2.941176470588235
1804	50.0
1805	2.564102564102564
1806	12.5
1807	20.0
1808	10.416666666666668
1809	9.375
1810	28.000000000000004
1811	16.666666666666664
1812	55.55555555555556
1813	40.0
1814	18.75
1815	15.0
1816	6.451612903225806
1817	15.384615384615385
1818	28.57142857142857
1819	14.634146341463413
1820	76.31578947368422
1821	22.727272727272727
1822	2.857142857142857
1823	6.451612903225806
1824	7.5
1825	11.11111111111111
1826	31.914893617021278
1827	8.333333333333332
1828	24.242424242424242
1829	6.451612903225806
1830	0.0
1831	3.571428571428571
1832	2.941176470588235
1833	12.195121951219512
1834	4.3478260869565215
1835	6.25
1836	5.555555555555555
1837	2.631578947368421
1838	4.0
1839	5.714285714285714
1840	5.263157894736842
1841	2.857142857142857
1842	4.761904761904762
1843	16.129032258064516
1844	83.33333333333334
1845	19.298245614035086
1846	5.0
1847	0.0
1848	6.451612903225806
1849	28.000000000000004
1850	5.0
1851	11.11111111111111
1852	71.42857142857143
1853	10.0
1854	63.63636363636363
1855	42.857142857142854
1856	68.08510638297872
1857	50.0
1858	11.428571428571429
1859	2.2222222222222223
1860	12.5
1861	14.000000000000002
1862	10.344827586206897
1863	25.925925925925924
1864	7.5
1865	5.128205128205128
1866	5.405405405405405
1867	5.263157894736842
1868	3.7037037037037033
1869	2.7027027027027026
1870	7.8431372549019605
1871	7.317073170731707
1872	10.526315789473683
1873	13.725490196078432
1874	0.0
1875	10.256410256410255
1876	16.129032258064516
1877	5.263157894736842
1878	14.705882352941178
1879	6.25
1880	9.523809523809524
1881	0.0
1882	8.88888888888889
1883	0.0
1884	25.806451612903224
1885	24.324324324324326
1886	5.263157894736842
1887	24.0
1888	25.0
1889	13.793103448275861
1890	7.894736842105263
1891	18.75
1892	33.33333333333333
1893	33.33333333333333
1894	8.571428571428571
1895	14.285714285714285
1896	18.367346938775512
1897	16.216216216216218
1898	7.6923076923076925
1899	8.571428571428571
1900	16.129032258064516
1901	15.384615384615385
1902	32.35294117647059
1903	5.0
1904	0.0
1905	16.3265306122449
1906	17.073170731707318
1907	13.043478260869565
1908	11.76470588235294
1909	100.0
1910	53.84615384615385
1911	4.166666666666666
1912	10.714285714285714
1913	6.896551724137931
1914	6.976744186046512
1915	17.857142857142858
1916	12.121212121212121
1917	25.0
1918	100.0
1919	33.33333333333333
1920	7.142857142857142
1921	16.666666666666664
1922	12.121212121212121
1923	38.095238095238095
1924	62.5
1925	12.5
1926	60.0
1927	13.333333333333334
1928	16.0
1929	36.36363636363637
1930	12.903225806451612
1931	21.62162162162162
1932	66.66666666666666
1933	14.285714285714285
1934	17.5
1935	11.538461538461538
1936	6.666666666666667
1937	16.666666666666664
1938	4.166666666666666
1939	9.67741935483871
1940	11.904761904761903
1941	0.0
1942	5.128205128205128
1943	5.769230769230769
1944	16.666666666666664
1945	16.666666666666664
1946	6.521739130434782
1947	5.0
1948	0.0
1949	5.555555555555555
1950	6.0606060606060606
1951	12.903225806451612
1952	9.803921568627452
1953	3.4482758620689653
1954	4.651162790697675
1955	24.489795918367346
1956	25.0
1957	14.285714285714285
1958	27.586206896551722
1959	50.0
1960	19.148936170212767
1961	17.543859649122805
1962	9.523809523809524
1963	55.55555555555556
1964	7.894736842105263
1965	15.0
1966	19.672131147540984
1967	23.404255319148938
1968	25.64102564102564
1969	75.0
1970	8.695652173913043
1971	6.896551724137931
1972	7.317073170731707
1973	16.363636363636363
1974	15.384615384615385
1975	6.976744186046512
1976	18.181818181818183
1977	12.195121951219512
1978	20.0
1979	16.666666666666664
1980	19.607843137254903
1981	12.5
1982	20.0
1983	11.11111111111111
1984	19.11764705882353
1985	20.0
1986	22.22222222222222
1987	0.0
1988	24.489795918367346
1989	1.8867924528301887
1990	33.33333333333333
1991	15.254237288135593
1992	10.714285714285714
1993	14.583333333333334
1994	13.461538461538462
1995	16.666666666666664
1996	13.043478260869565
1997	12.0
1998	14.285714285714285
1999	22.448979591836736
2000	50.0
2001	23.076923076923077
2002	9.090909090909092
2003	18.181818181818183
2004	7.6923076923076925
2005	0.0
2006	0.0
2007	37.5
2008	7.317073170731707
2009	30.76923076923077
2010	33.33333333333333
2011	11.904761904761903
2012	10.256410256410255
2013	10.81081081081081
2014	20.833333333333336
2015	8.333333333333332
2016	0.0
2017	2.564102564102564
2018	0.0
2019	25.0
2020	75.0
2021	26.82926829268293
2022	4.081632653061225
2023	25.806451612903224
2024	20.0
2025	5.357142857142857
2026	11.363636363636363
2027	10.526315789473683
2028	0.0
2029	33.33333333333333
2030	40.0
2031	17.5
2032	11.11111111111111
2033	23.52941176470588
2034	7.6923076923076925
2035	33.33333333333333
2036	6.666666666666667
2037	25.0
2038	15.909090909090908
2039	1.694915254237288
2040	7.317073170731707
2041	20.0
2042	16.666666666666664
2043	25.53191489361702
2044	19.51219512195122
2045	55.55555555555556
2046	100.0
2047	72.41379310344827
2048	5.405405405405405
2049	2.857142857142857
2050	8.108108108108109
2051	50.0
2052	8.0
2053	22.727272727272727
2054	18.181818181818183
2055	5.88235294117647
2056	100.0
2057	10.0
2058	28.57142857142857
2059	100.0
2060	18.75
2061	2.083333333333333
2062	0.0
2063	0.0
2064	4.878048780487805
2065	33.33333333333333
2066	5.405405405405405
2067	21.73913043478261
2068	3.8461538461538463
2069	13.636363636363635
2070	0.0
2071	22.22222222222222
2072	25.0
2073	9.523809523809524
2074	18.51851851851852
2075	13.793103448275861
2076	50.0
2077	50.0
2078	44.44444444444444
2079	36.36363636363637
2080	12.0
2081	13.513513513513514
2082	38.46153846153847
2083	35.0
2084	100.0
2085	50.0
2086	33.33333333333333
2087	26.190476190476193
2088	50.0
2089	22.22222222222222
2090	20.0
2091	9.090909090909092
2092	19.047619047619047
2093	20.0
2094	25.806451612903224
2095	33.33333333333333
2096	15.384615384615385
2097	44.18604651162791
2098	38.88888888888889
2099	12.5
2100	33.33333333333333
2101	33.33333333333333
2102	44.44444444444444
2103	100.0
2104	100.0
2105	11.76470588235294
2106	7.6923076923076925
2107	37.5
2108	11.76470588235294
2109	2.7027027027027026
2110	22.22222222222222
2111	14.285714285714285
2112	25.0
2113	23.52941176470588
2114	35.714285714285715
2115	15.0
2116	44.44444444444444
2117	16.666666666666664
2118	14.285714285714285
2119	33.33333333333333
2120	25.0
2121	25.0
2122	46.666666666666664
2123	11.11111111111111
2124	53.333333333333336
2125	25.0
2126	16.666666666666664
2127	38.46153846153847
2128	12.5
2129	14.285714285714285
2130	16.666666666666664
2131	10.714285714285714
2132	25.0
2133	10.0
2134	25.0
2135	0.0
2136	12.5
2137	5.263157894736842
2138	17.857142857142858
2139	12.5
2140	0.0
2141	2.5
2142	3.3333333333333335
2143	0.0
2144	8.51063829787234
2145	6.666666666666667
2146	6.896551724137931
2147	15.0
2148	7.6923076923076925
2149	6.25
2150	29.411764705882355
2151	7.4074074074074066
2152	11.11111111111111
2153	0.0
2154	10.714285714285714
2155	22.22222222222222
2156	100.0
2157	53.84615384615385
2158	50.0
2159	12.5
2160	16.129032258064516
2161	3.7037037037037033
2162	18.51851851851852
2163	25.0
2164	14.285714285714285
2165	25.0
2166	8.771929824561402
2167	36.36363636363637
2168	50.0
2169	26.08695652173913
2170	10.81081081081081
2171	9.375
2172	5.405405405405405
2173	25.0
2174	7.6923076923076925
2175	26.53061224489796
2176	5.88235294117647
2177	13.333333333333334
2178	0.0
2179	5.714285714285714
2180	10.526315789473683
2181	9.75609756097561
2182	13.636363636363635
2183	12.5
2184	10.344827586206897
2185	6.896551724137931
2186	25.0
2187	6.25
2188	33.33333333333333
2189	20.0
2190	41.66666666666667
2191	0.0
2192	15.384615384615385
2193	10.526315789473683
2194	22.727272727272727
2195	8.333333333333332
2196	18.75
2197	25.0
2198	18.75
2199	0.0
2200	75.0
2201	12.5
2202	120.0
2203	15.0
2204	5.88235294117647
2205	14.583333333333334
2206	20.689655172413794
2207	16.666666666666664
2208	18.75
2209	3.225806451612903
2210	2.631578947368421
2211	21.21212121212121
2212	12.121212121212121
2213	5.88235294117647
2214	19.047619047619047
2215	16.666666666666664
2216	100.0
2217	45.45454545454545
2218	7.6923076923076925
2219	34.090909090909086
2220	11.538461538461538
2221	133.33333333333331
2222	16.666666666666664
2223	11.904761904761903
2224	4.166666666666666
2225	100.0
2226	25.0
2227	30.0
2228	36.36363636363637
2229	17.647058823529413
2230	22.22222222222222
2231	25.0
2232	41.66666666666667
2233	25.0
2234	19.230769230769234
2235	6.521739130434782
2236	40.0
2237	22.22222222222222
2238	100.0
2239	2.1739130434782608
2240	12.5
2241	33.33333333333333
2242	34.78260869565217
2243	13.333333333333334
2244	37.5
2245	30.0
2246	14.285714285714285
2247	9.090909090909092
2248	11.11111111111111
2249	22.727272727272727
2250	75.0
2251	85.71428571428571
2252	40.0
2253	60.0
2254	24.0
2255	33.33333333333333
2256	46.15384615384615
2257	100.0
2258	50.0
2259	14.285714285714285
2260	6.896551724137931
2261	15.217391304347828
2262	33.33333333333333
2263	22.22222222222222
2264	32.432432432432435
2265	60.0
2266	21.428571428571427
2267	7.142857142857142
2268	5.88235294117647
2269	8.333333333333332
2270	62.5
2271	20.0
2272	50.0
2273	75.0
2274	100.0
2275	50.0
2276	50.0
2277	20.0
2278	0.0
2279	20.0
2280	43.47826086956522
2281	44.44444444444444
2282	12.5
2283	100.0
2284	15.789473684210526
2285	0.0
2286	55.00000000000001
2287	25.64102564102564
2288	20.0
2289	4.3478260869565215
2290	23.076923076923077
2291	18.75
2292	31.25
2293	20.0
2294	3.571428571428571
2295	13.636363636363635
2296	5.0
2297	20.0
2298	27.77777777777778
2299	4.878048780487805
2300	100.0
2301	13.513513513513514
2302	6.25
2303	26.190476190476193
2304	10.0
2305	37.03703703703704
2306	36.36363636363637
2307	100.0
2308	50.0
2309	100.0
2310	100.0
2311	100.0
2312	100.0
2313	60.0
2314	100.0
2315	0.0
2316	9.090909090909092
2317	8.333333333333332
2318	12.5
2319	15.0
2320	25.0
2321	17.02127659574468
2322	20.833333333333336
2323	0.0
2324	21.052631578947366
2325	20.0
2326	4.651162790697675
2327	0.0
2328	71.42857142857143
2329	50.0
2330	55.55555555555556
2331	83.33333333333334
2332	63.63636363636363
2333	12.195121951219512
2334	100.0
2335	33.33333333333333
2336	14.285714285714285
2337	11.76470588235294
2338	0.0
2339	2.272727272727273
2340	22.22222222222222
2341	10.0
2342	20.833333333333336
2343	5.660377358490567
2344	20.0
2345	25.0
2346	50.0
2347	41.66666666666667
2348	55.55555555555556
2349	9.090909090909092
2350	15.384615384615385
2351	40.0
2352	100.0
2353	81.81818181818183
2354	30.0
2355	20.0
2356	20.0
2357	40.0
2358	100.0
2359	6.451612903225806
2360	6.666666666666667
2361	50.0
2362	31.25
2363	0.0
2364	11.11111111111111
2365	20.0
2366	0.0
2367	100.0
2368	0.0
2369	12.5
2370	6.8181818181818175
2371	11.11111111111111
2372	28.57142857142857
2373	100.0
2374	63.63636363636363
2375	25.0
2376	10.0
2377	13.333333333333334
2378	14.285714285714285
2379	25.925925925925924
2380	11.538461538461538
2381	100.0
2382	87.5
2383	20.0
2384	45.45454545454545
2385	66.66666666666666
2386	50.0
2387	13.88888888888889
2388	6.451612903225806
2389	33.33333333333333
2390	18.421052631578945
2391	12.5
2392	100.0
2393	40.0
2394	0.0
2395	100.0
2396	64.28571428571429
2397	9.090909090909092
2398	46.666666666666664
2399	54.54545454545454
2400	22.727272727272727
2401	38.88888888888889
2402	100.0
2403	40.476190476190474
2404	50.0
2405	33.33333333333333
2406	7.317073170731707
2407	0.0
2408	33.33333333333333
2409	11.11111111111111
2410	23.076923076923077
2411	36.36363636363637
2412	12.903225806451612
2413	15.384615384615385
2414	42.857142857142854
2415	23.52941176470588
2416	52.38095238095239
2417	0.0
2418	9.090909090909092
2419	16.216216216216218
2420	69.23076923076923
2421	100.0
2422	13.333333333333334
2423	6.25
2424	33.33333333333333
2425	100.0
2426	100.0
2427	8.333333333333332
2428	4.761904761904762
2429	11.11111111111111
2430	7.142857142857142
2431	9.090909090909092
2432	23.076923076923077
2433	20.0
2434	0.0
2435	18.75
2436	100.0
2437	38.46153846153847
2438	22.22222222222222
2439	33.33333333333333
2440	11.11111111111111
2441	20.0
2442	8.823529411764707
2443	36.36363636363637
2444	8.695652173913043
2445	50.0
2446	47.05882352941176
2447	4.761904761904762
2448	37.5
2449	3.7037037037037033
2450	20.0
2451	33.33333333333333
2452	0.0
2453	18.181818181818183
2454	13.793103448275861
2455	5.88235294117647
2456	66.66666666666666
2457	18.75
2458	30.0
2459	40.0
2460	10.0
2461	42.857142857142854
2462	75.0
2463	58.333333333333336
2464	11.11111111111111
2465	12.5
2466	14.285714285714285
2467	33.33333333333333
2468	21.21212121212121
2469	41.66666666666667
2470	8.333333333333332
2471	4.761904761904762
2472	25.0
2473	60.0
2474	33.33333333333333
2475	100.0
2476	60.0
2477	100.0
2478	11.76470588235294
2479	100.0
2480	30.0
2481	100.0
2482	5.0
2483	100.0
2484	3.7735849056603774
2485	33.33333333333333
2486	10.256410256410255
2487	18.51851851851852
2488	18.181818181818183
2489	75.0
2490	10.0
2491	20.0
2492	33.33333333333333
2493	19.444444444444446
2494	17.24137931034483
2495	0.0
2496	31.818181818181817
2497	28.57142857142857
2498	100.0
2499	100.0
2500	50.0
2501	80.0
2502	50.0
2503	21.62162162162162
2504	20.0
2505	10.0
2506	100.0
2507	25.0
2508	18.181818181818183
2509	16.216216216216218
2510	15.0
2511	33.33333333333333
2512	24.0
2513	100.0
2514	100.0
2515	6.8181818181818175
2516	12.5
2517	0.0
2518	25.0
2519	100.0
2520	0.0
2521	7.6923076923076925
2522	14.285714285714285
2523	27.586206896551722
2524	4.3478260869565215
2525	100.0
2526	33.33333333333333
2527	66.66666666666666
2528	13.953488372093023
2529	9.523809523809524
2530	25.0
2531	13.636363636363635
2532	33.33333333333333
2533	5.88235294117647
2534	45.45454545454545
2535	14.285714285714285
2536	16.666666666666664
2537	10.0
2538	40.0
2539	5.128205128205128
2540	4.166666666666666
2541	3.571428571428571
2542	0.0
2543	11.11111111111111
2544	32.432432432432435
2545	0.0
2546	23.076923076923077
2547	3.7037037037037033
2548	13.636363636363635
2549	40.0
2550	11.76470588235294
2551	15.217391304347828
2552	13.043478260869565
2553	25.0
2554	100.0
2555	100.0
2556	4.166666666666666
2557	3.6363636363636362
2558	0.0
2559	53.84615384615385
2560	16.666666666666664
2561	10.81081081081081
2562	9.67741935483871
2563	10.0
2564	13.88888888888889
2565	15.0
2566	20.588235294117645
2567	7.547169811320755
2568	20.588235294117645
2569	23.52941176470588
2570	4.166666666666666
2571	10.0
2572	6.25
2573	16.666666666666664
2574	66.66666666666666
2575	80.0
2576	75.0
2577	63.63636363636363
2578	55.55555555555556
2579	75.0
2580	32.142857142857146
2581	12.5
2582	27.27272727272727
2583	35.0
2584	44.44444444444444
2585	100.0
2586	50.0
2587	100.0
2588	19.047619047619047
2589	14.285714285714285
2590	100.0
2591	20.0
2592	60.0
2593	13.333333333333334
2594	60.0
2595	50.0
2596	31.25
2597	25.806451612903224
2598	9.67741935483871
2599	80.0
2600	35.714285714285715
2601	15.384615384615385
2602	28.57142857142857
2603	31.428571428571427
2604	15.384615384615385
2605	8.108108108108109
2606	32.142857142857146
2607	85.71428571428571
2608	10.869565217391305
2609	18.333333333333332
2610	83.33333333333334
2611	0.0
2612	14.285714285714285
2613	20.833333333333336
2614	18.181818181818183
2615	20.0
2616	2.631578947368421
2617	50.0
2618	14.285714285714285
2619	0.0
2620	50.0
2621	20.0
2622	14.814814814814813
2623	9.090909090909092
2624	80.0
2625	6.0
2626	33.33333333333333
2627	7.894736842105263
2628	12.121212121212121
2629	45.45454545454545
2630	0.0
2631	24.0
2632	7.6923076923076925
2633	14.583333333333334
2634	9.375
2635	10.0
2636	19.047619047619047
2637	100.0
2638	10.909090909090908
2639	8.88888888888889
2640	17.647058823529413
2641	13.953488372093023
2642	9.523809523809524
2643	33.33333333333333
2644	16.666666666666664
2645	29.03225806451613
2646	31.428571428571427
2647	4.081632653061225
2648	41.86046511627907
2649	13.636363636363635
2650	11.11111111111111
2651	19.047619047619047
2652	27.77777777777778
2653	33.33333333333333
2654	25.0
2655	40.0
2656	31.25
2657	28.000000000000004
2658	6.122448979591836
2659	33.33333333333333
2660	100.0
2661	11.428571428571429
2662	100.0
2663	22.22222222222222
2664	14.705882352941178
2665	9.090909090909092
2666	9.30232558139535
2667	0.0
2668	11.11111111111111
2669	22.22222222222222
2670	100.0
2671	0.0
2672	18.51851851851852
2673	25.454545454545453
2674	16.216216216216218
2675	40.0
2676	29.411764705882355
2677	10.0
2678	20.833333333333336
2679	54.54545454545454
2680	20.51282051282051
2681	4.166666666666666
2682	100.0
2683	0.0
2684	16.923076923076923
2685	8.695652173913043
2686	5.88235294117647
2687	21.875
2688	16.216216216216218
2689	100.0
2690	33.33333333333333
2691	15.789473684210526
2692	66.66666666666666
2693	18.421052631578945
2694	9.090909090909092
2695	32.0
2696	33.33333333333333
2697	17.647058823529413
2698	40.0
2699	62.5
2700	36.666666666666664
2701	18.333333333333332
2702	5.660377358490567
2703	1.9607843137254901
2704	1.8867924528301887
2705	19.047619047619047
2706	14.583333333333334
2707	12.903225806451612
2708	100.0
2709	10.638297872340425
2710	0.0
2711	100.0
2712	11.76470588235294
2713	0.0
2714	20.0
2715	12.244897959183673
2716	0.0
2717	100.0
2718	3.7735849056603774
2719	22.0
2720	4.545454545454546
2721	5.405405405405405
2722	5.555555555555555
2723	10.344827586206897
2724	14.285714285714285
2725	4.545454545454546
2726	9.090909090909092
2727	20.0
2728	26.31578947368421
2729	8.16326530612245
2730	40.0
2731	16.666666666666664
2732	7.4074074074074066
2733	4.761904761904762
2734	45.45454545454545
2735	8.695652173913043
2736	20.0
2737	4.3478260869565215
2738	4.651162790697675
2739	12.5
2740	14.285714285714285
2741	0.0
2742	11.76470588235294
2743	16.666666666666664
2744	50.0
2745	7.6923076923076925
2746	0.0
2747	4.3478260869565215
2748	13.793103448275861
2749	11.363636363636363
2750	8.695652173913043
2751	12.5
2752	11.11111111111111
2753	0.0
2754	11.428571428571429
2755	10.81081081081081
2756	11.76470588235294
2757	7.4074074074074066
2758	13.157894736842104
2759	6.521739130434782
2760	9.090909090909092
2761	8.108108108108109
2762	6.666666666666667
2763	3.3333333333333335
2764	19.230769230769234
2765	100.0
2766	100.0
2767	14.814814814814813
2768	30.357142857142854
2769	6.896551724137931
2770	20.51282051282051
2771	25.0
2772	37.03703703703704
2773	21.21212121212121
2774	6.666666666666667
2775	11.320754716981133
2776	2.4390243902439024
2777	0.0
2778	2.857142857142857
2779	15.555555555555555
2780	5.555555555555555
2781	50.0
2782	9.090909090909092
2783	50.0
2784	5.263157894736842
2785	50.0
2786	29.629629629629626
2787	60.0
2788	25.0
2789	14.285714285714285
2790	50.0
2791	20.0
2792	14.285714285714285
2793	0.0
2794	5.0
2795	2.7027027027027026
2796	42.10526315789473
2797	18.181818181818183
2798	0.0
2799	50.0
2800	0.0
2801	10.714285714285714
2802	46.15384615384615
2803	13.333333333333334
2804	0.0
2805	12.5
2806	11.76470588235294
2807	9.523809523809524
2808	33.33333333333333
2809	71.42857142857143
2810	100.0
2811	2.7027027027027026
2812	2.941176470588235
2813	15.384615384615385
2814	12.5
2815	100.0
2816	8.88888888888889
2817	8.0
2818	19.35483870967742
2819	8.771929824561402
2820	28.57142857142857
2821	66.66666666666666
2822	4.081632653061225
2823	9.30232558139535
2824	20.0
2825	100.0
2826	26.08695652173913
2827	33.33333333333333
2828	1.9230769230769231
2829	3.7037037037037033
2830	16.666666666666664
2831	14.285714285714285
2832	71.42857142857143
2833	50.0
2834	10.0
2835	11.11111111111111
2836	23.809523809523807
2837	100.0
2838	14.285714285714285
2839	100.0
2840	21.428571428571427
2841	2.7777777777777777
2842	9.75609756097561
2843	0.0
2844	9.090909090909092
2845	16.666666666666664
2846	8.16326530612245
2847	13.513513513513514
2848	0.0
2849	8.695652173913043
2850	10.0
2851	0.0
2852	33.33333333333333
2853	100.0
2854	12.5
2855	11.627906976744185
2856	11.627906976744185
2857	15.384615384615385
2858	9.523809523809524
2859	100.0
2860	100.0
2861	57.14285714285714
2862	22.22222222222222
2863	3.6363636363636362
2864	10.0
2865	4.0
2866	44.0
2867	8.620689655172415
2868	12.5
2869	100.0
2870	75.0
2871	100.0
2872	100.0
2873	12.0
2874	14.893617021276595
2875	9.090909090909092
2876	23.076923076923077
2877	4.761904761904762
2878	15.0
2879	5.0
2880	11.11111111111111
2881	10.526315789473683
2882	5.555555555555555
2883	4.6875
2884	9.836065573770492
2885	6.896551724137931
2886	37.5
2887	28.125
2888	6.451612903225806
2889	6.451612903225806
2890	8.571428571428571
2891	46.15384615384615
2892	19.35483870967742
2893	50.0
2894	100.0
2895	40.0
2896	9.090909090909092
2897	33.33333333333333
2898	0.0
2899	16.9811320754717
2900	13.20754716981132
2901	14.705882352941178
2902	19.672131147540984
2903	5.263157894736842
2904	17.02127659574468
2905	12.5
2906	10.344827586206897
2907	4.918032786885246
2908	5.660377358490567
2909	50.0
2910	20.408163265306122
2911	16.666666666666664
2912	66.66666666666666
2913	33.33333333333333
2914	66.66666666666666
2915	7.6923076923076925
2916	0.0
2917	50.0
2918	100.0
2919	20.0
2920	50.0
2921	14.285714285714285
2922	14.814814814814813
2923	10.0
2924	20.0
2925	16.129032258064516
2926	100.0
2927	8.333333333333332
2928	6.521739130434782
2929	33.33333333333333
2930	50.0
2931	22.22222222222222
2932	60.0
2933	8.0
2934	14.545454545454545
2935	21.052631578947366
2936	23.076923076923077
2937	4.285714285714286
2938	27.77777777777778
2939	18.055555555555554
2940	22.22222222222222
2941	66.66666666666666
2942	10.256410256410255
2943	13.953488372093023
2944	14.814814814814813
2945	66.66666666666666
2946	100.0
2947	11.11111111111111
2948	17.142857142857142
2949	19.047619047619047
2950	36.36363636363637
2951	20.0
2952	21.73913043478261
2953	36.84210526315789
2954	0.0
2955	7.317073170731707
2956	33.33333333333333
2957	10.95890410958904
2958	1.7241379310344827
2959	28.57142857142857
2960	18.96551724137931
2961	36.36363636363637
2962	5.128205128205128
2963	10.344827586206897
2964	8.620689655172415
2965	9.523809523809524
2966	100.0
2967	10.256410256410255
2968	21.052631578947366
2969	12.307692307692308
2970	31.57894736842105
2971	14.925373134328357
2972	10.9375
2973	23.076923076923077
2974	13.043478260869565
2975	100.0
2976	4.761904761904762
2977	100.0
2978	22.413793103448278
2979	14.754098360655737
2980	16.666666666666664
2981	10.0
2982	6.666666666666667
2983	20.0
2984	7.6923076923076925
2985	12.5
2986	7.936507936507936
2987	8.108108108108109
2988	13.432835820895523
2989	13.432835820895523
2990	16.666666666666664
2991	13.636363636363635
2992	10.526315789473683
2993	16.216216216216218
2994	10.638297872340425
2995	0.0
2996	73.33333333333333
2997	20.0
2998	100.0
2999	54.54545454545454
3000	16.666666666666664
3001	12.0
3002	0.0
3003	25.0
3004	100.0
3005	8.0
3006	12.068965517241379
3007	8.333333333333332
3008	23.076923076923077
3009	30.76923076923077
3010	37.5
3011	20.0
3012	9.230769230769232
3013	8.333333333333332
3014	22.22222222222222
3015	13.461538461538462
3016	100.0
3017	4.761904761904762
3018	66.66666666666666
3019	36.36363636363637
3020	12.5
3021	100.0
3022	25.0
3023	4.166666666666666
3024	16.27906976744186
3025	50.0
3026	5.660377358490567
3027	40.0
3028	100.0
3029	8.333333333333332
3030	25.0
3031	21.27659574468085
3032	50.0
3033	33.33333333333333
3034	25.0
3035	50.0
3036	19.565217391304348
3037	22.413793103448278
3038	17.741935483870968
3039	14.285714285714285
3040	8.333333333333332
3041	4.545454545454546
3042	100.0
3043	12.280701754385964
3044	60.0
3045	3.8461538461538463
3046	11.11111111111111
3047	28.57142857142857
3048	7.142857142857142
3049	33.33333333333333
3050	5.88235294117647
3051	23.809523809523807
3052	33.33333333333333
3053	0.0
3054	200.0
3055	100.0
3056	5.0
3057	27.77777777777778
3058	23.684210526315788
3059	16.216216216216218
3060	30.0
3061	5.0
3062	100.0
3063	11.11111111111111
3064	25.0
3065	100.0
3066	40.0
3067	100.0
3068	13.725490196078432
3069	9.090909090909092
3070	33.33333333333333
3071	2.272727272727273
3072	6.25
3073	100.0
3074	26.190476190476193
3075	0.0
3076	100.0
3077	8.333333333333332
3078	9.75609756097561
3079	14.285714285714285
3080	50.0
3081	25.0
3082	12.76595744680851
3083	5.970149253731343
3084	14.492753623188406
3085	7.894736842105263
3086	16.666666666666664
3087	100.0
3088	12.5
3089	6.976744186046512
3090	4.761904761904762
3091	17.857142857142858
3092	60.0
3093	13.043478260869565
3094	5.0
3095	60.0
3096	16.666666666666664
3097	150.0
3098	100.0
3099	10.0
3100	33.33333333333333
3101	35.0
3102	12.5
3103	13.333333333333334
3104	25.0
3105	9.090909090909092
3106	30.0
3107	13.043478260869565
3108	41.935483870967744
3109	6.0606060606060606
3110	5.0
3111	6.25
3112	15.686274509803921
3113	8.51063829787234
3114	6.666666666666667
3115	13.461538461538462
3116	14.705882352941178
3117	9.375
3118	18.51851851851852
3119	14.285714285714285
3120	10.0
3121	53.333333333333336
3122	8.333333333333332
3123	5.555555555555555
3124	20.0
3125	85.71428571428571
3126	14.285714285714285
3127	60.0
3128	7.142857142857142
3129	9.523809523809524
3130	17.1875
3131	23.333333333333332
3132	50.0
3133	57.14285714285714
3134	12.903225806451612
3135	34.61538461538461
3136	14.634146341463413
3137	14.285714285714285
3138	10.0
3139	6.666666666666667
3140	15.384615384615385
3141	19.444444444444446
3142	20.689655172413794
3143	33.33333333333333
3144	12.5
3145	0.0
3146	46.15384615384615
3147	100.0
3148	57.14285714285714
3149	100.0
3150	25.0
3151	12.5
3152	50.0
3153	31.70731707317073
3154	0.0
3155	57.14285714285714
3156	9.67741935483871
3157	25.0
3158	36.36363636363637
3159	33.33333333333333
3160	100.0
3161	23.809523809523807
3162	21.53846153846154
3163	11.428571428571429
3164	28.30188679245283
3165	10.0
3166	6.25
3167	50.0
3168	20.0
3169	28.30188679245283
3170	25.71428571428571
3171	10.909090909090908
3172	8.823529411764707
3173	7.6923076923076925
3174	0.0
3175	66.66666666666666
3176	42.10526315789473
3177	12.76595744680851
3178	7.6923076923076925
3179	6.896551724137931
3180	15.789473684210526
3181	20.0
3182	100.0
3183	50.0
3184	100.0
3185	23.076923076923077
3186	40.0
3187	40.0
3188	80.0
3189	100.0
3190	5.128205128205128
3191	0.0
3192	8.333333333333332
3193	6.25
3194	5.555555555555555
3195	4.444444444444445
3196	0.0
3197	19.298245614035086
3198	0.0
3199	0.0
3200	22.727272727272727
3201	66.66666666666666
3202	25.0
3203	71.42857142857143
3204	4.0
3205	9.523809523809524
3206	5.555555555555555
3207	8.695652173913043
3208	4.761904761904762
3209	7.142857142857142
3210	3.7037037037037033
3211	100.0
3212	3.225806451612903
3213	3.3333333333333335
3214	5.263157894736842
3215	5.357142857142857
3216	8.333333333333332
3217	50.0
3218	80.0
3219	13.793103448275861
3220	0.0
3221	100.0
3222	50.0
3223	100.0
3224	20.0
3225	8.88888888888889
3226	4.3478260869565215
3227	7.142857142857142
3228	8.88888888888889
3229	2.127659574468085
3230	5.263157894736842
3231	13.953488372093023
3232	8.19672131147541
3233	10.0
3234	18.367346938775512
3235	0.0
3236	11.428571428571429
3237	14.634146341463413
3238	11.11111111111111
3239	9.523809523809524
3240	4.081632653061225
3241	31.25
3242	6.666666666666667
3243	0.0
3244	4.761904761904762
3245	0.0
3246	9.090909090909092
3247	9.433962264150944
3248	3.571428571428571
3249	10.416666666666668
3250	7.142857142857142
3251	13.333333333333334
3252	9.090909090909092
3253	2.4390243902439024
3254	8.0
3255	13.043478260869565
3256	5.405405405405405
3257	6.521739130434782
3258	8.333333333333332
3259	0.0
3260	5.555555555555555
3261	7.6923076923076925
3262	26.923076923076923
3263	16.129032258064516
3264	8.0
3265	4.545454545454546
3266	83.33333333333334
3267	19.51219512195122
3268	13.333333333333334
3269	14.285714285714285
3270	9.090909090909092
3271	8.333333333333332
3272	0.0
3273	8.823529411764707
3274	4.0
3275	0.0
3276	0.0
3277	9.090909090909092
3278	8.333333333333332
3279	0.0
3280	50.0
3281	50.0
3282	0.0
3283	14.285714285714285
3284	25.0
3285	33.33333333333333
3286	0.0
3287	0.0
3288	12.5
3289	7.6923076923076925
3290	16.666666666666664
3291	10.0
3292	60.0
3293	18.181818181818183
3294	13.333333333333334
3295	37.5
3296	4.761904761904762
3297	0.0
3298	5.88235294117647
3299	12.5
3300	18.96551724137931
3301	9.803921568627452
3302	9.090909090909092
3303	50.0
3304	11.11111111111111
3305	0.0
3306	25.0
3307	10.0
3308	11.76470588235294
3309	5.263157894736842
3310	22.22222222222222
3311	13.333333333333334
3312	11.538461538461538
3313	12.5
3314	18.181818181818183
3315	10.0
3316	28.57142857142857
3317	45.45454545454545
3318	26.31578947368421
3319	22.727272727272727
3320	5.555555555555555
3321	30.76923076923077
3322	5.88235294117647
3323	13.559322033898304
3324	33.33333333333333
3325	75.0
3326	80.0
3327	34.61538461538461
3328	45.45454545454545
3329	100.0
3330	66.66666666666666
3331	0.0
3332	18.181818181818183
3333	0.0
3334	0.0
3335	9.090909090909092
3336	14.285714285714285
3337	13.333333333333334
3338	30.76923076923077
3339	17.073170731707318
3340	765.5172413793103
3341	3.3333333333333335
3342	3.8461538461538463
3343	12.0
3344	11.11111111111111
3345	19.230769230769234
3346	20.0
3347	50.0
3348	33.33333333333333
3349	7.8431372549019605
3350	5.0
3351	8.0
3352	100.0
3353	14.000000000000002
3354	3.508771929824561
3355	0.0
3356	20.0
3357	2.083333333333333
3358	22.22222222222222
3359	25.0
3360	12.903225806451612
3361	6.557377049180328
3362	17.391304347826086
3363	6.122448979591836
3364	0.0
3365	5.454545454545454
3366	8.695652173913043
3367	18.867924528301888
3368	10.0
3369	0.0
3370	21.052631578947366
3371	7.547169811320755
3372	20.0
3373	11.11111111111111
3374	20.0
3375	33.33333333333333
3376	25.0
3377	100.0
3378	20.0
3379	0.0
3380	25.0
3381	10.526315789473683
3382	60.0
3383	33.33333333333333
3384	100.0
3385	18.75
3386	12.5
3387	50.0
3388	50.0
3389	33.33333333333333
3390	66.66666666666666
3391	100.0
3392	0.0
3393	0.0
3394	14.285714285714285
3395	0.0
3396	2.1739130434782608
3397	16.666666666666664
3398	7.142857142857142
3399	5.714285714285714
3400	14.285714285714285
3401	0.0
3402	3.8461538461538463
3403	9.375
3404	38.095238095238095
3405	13.88888888888889
3406	6.976744186046512
3407	7.8431372549019605
3408	2.7777777777777777
3409	10.0
3410	2.631578947368421
3411	7.5
3412	0.0
3413	0.0
3414	0.0
3415	4.166666666666666
3416	4.3478260869565215
3417	0.0
3418	15.555555555555555
3419	0.0
3420	13.88888888888889
3421	0.0
3422	5.263157894736842
3423	5.714285714285714
3424	0.0
3425	50.0
3426	8.51063829787234
3427	0.0
3428	0.0
3429	5.405405405405405
3430	4.0
3431	80.0
3432	9.803921568627452
3433	4.761904761904762
3434	25.71428571428571
3435	5.555555555555555
3436	0.0
3437	4.166666666666666
3438	100.0
3439	55.55555555555556
3440	5.88235294117647
3441	4.651162790697675
3442	4.3478260869565215
3443	12.0
3444	17.647058823529413
3445	2.4390243902439024
3446	0.0
3447	9.523809523809524
3448	14.000000000000002
3449	8.333333333333332
3450	3.8461538461538463
3451	18.367346938775512
3452	4.761904761904762
3453	18.181818181818183
3454	2.4390243902439024
3455	16.666666666666664
3456	6.0606060606060606
3457	3.3333333333333335
3458	17.073170731707318
3459	14.285714285714285
3460	2.0
3461	10.81081081081081
3462	20.0
3463	16.666666666666664
3464	0.0
3465	0.0
3466	12.0
3467	14.285714285714285
3468	22.22222222222222
3469	25.0
3470	11.363636363636363
3471	11.11111111111111
3472	10.81081081081081
3473	13.636363636363635
3474	8.51063829787234
3475	11.11111111111111
3476	17.647058823529413
3477	8.0
3478	13.513513513513514
3479	5.88235294117647
3480	3.8461538461538463
3481	26.47058823529412
3482	50.0
3483	30.0
3484	10.0
3485	14.814814814814813
3486	14.492753623188406
3487	6.349206349206349
3488	40.0
3489	6.976744186046512
3490	5.555555555555555
3491	2.380952380952381
3492	100.0
3493	7.575757575757576
3494	13.157894736842104
3495	25.0
3496	10.81081081081081
3497	16.666666666666664
3498	4.3478260869565215
3499	10.416666666666668
3500	15.151515151515152
3501	16.666666666666664
3502	13.043478260869565
3503	9.30232558139535
3504	4.3478260869565215
3505	5.454545454545454
3506	10.81081081081081
3507	2.857142857142857
3508	0.0
3509	8.108108108108109
3510	0.0
3511	3.8461538461538463
3512	0.0
3513	0.0
3514	44.44444444444444
3515	4.0
3516	0.0
3517	0.0
3518	23.076923076923077
3519	12.5
3520	100.0
3521	100.0
3522	25.0
3523	6.25
3524	0.0
3525	14.285714285714285
3526	0.0
3527	14.285714285714285
3528	0.0
3529	50.0
3530	14.285714285714285
3531	50.0
3532	33.33333333333333
3533	0.0
3534	14.285714285714285
3535	44.44444444444444
3536	50.0
3537	60.0
3538	6.25
3539	50.0
3540	22.641509433962266
3541	7.142857142857142
3542	0.0
3543	28.57142857142857
3544	50.0
3545	4.3478260869565215
3546	0.0
3547	15.789473684210526
3548	12.5
3549	57.14285714285714
3550	30.303030303030305
3551	5.555555555555555
3552	9.523809523809524
3553	16.666666666666664
3554	25.0
3555	6.25
3556	18.181818181818183
3557	6.25
3558	23.52941176470588
3559	87.5
3560	16.0
3561	5.555555555555555
3562	0.0
3563	4.545454545454546
3564	6.0
3565	10.526315789473683
3566	26.923076923076923
3567	26.08695652173913
3568	7.4074074074074066
3569	5.0
3570	7.6923076923076925
3571	16.666666666666664
3572	5.88235294117647
3573	0.0
3574	26.31578947368421
3575	11.76470588235294
3576	6.25
3577	11.320754716981133
3578	16.666666666666664
3579	11.11111111111111
3580	14.285714285714285
3581	12.121212121212121
3582	3.7037037037037033
3583	0.0
3584	31.57894736842105
3585	71.42857142857143
3586	40.0
3587	31.818181818181817
3588	14.285714285714285
3589	10.0
3590	17.391304347826086
3591	25.0
3592	7.6923076923076925
3593	8.333333333333332
3594	25.0
3595	17.94871794871795
3596	12.0
3597	71.42857142857143
3598	15.0
3599	14.285714285714285
3600	16.666666666666664
3601	22.22222222222222
3602	9.523809523809524
3603	29.411764705882355
3604	13.333333333333334
3605	18.181818181818183
3606	3.8461538461538463
3607	7.6923076923076925
3608	9.090909090909092
3609	17.647058823529413
3610	16.0
3611	5.88235294117647
3612	13.333333333333334
3613	30.508474576271187
3614	66.66666666666666
3615	11.538461538461538
3616	16.129032258064516
3617	13.333333333333334
3618	12.5
3619	3.7037037037037033
3620	0.0
3621	10.0
3622	50.0
3623	5.0
3624	0.0
3625	30.434782608695656
3626	7.142857142857142
3627	17.647058823529413
3628	8.333333333333332
3629	0.0
3630	9.090909090909092
3631	7.6923076923076925
3632	8.333333333333332
3633	19.047619047619047
3634	0.0
3635	14.000000000000002
3636	14.285714285714285
3637	11.11111111111111
3638	50.0
3639	42.857142857142854
3640	75.0
3641	11.11111111111111
3642	22.22222222222222
3643	37.5
3644	0.0
3645	37.5
3646	33.33333333333333
3647	50.0
3648	3.571428571428571
3649	6.25
3650	0.0
3651	15.789473684210526
3652	5.555555555555555
3653	12.0
3654	12.121212121212121
3655	21.73913043478261
3656	4.545454545454546
3657	25.0
3658	12.5
3659	28.57142857142857
3660	7.6923076923076925
3661	20.0
3662	25.0
3663	25.0
3664	7.142857142857142
3665	0.0
3666	29.411764705882355
3667	15.384615384615385
3668	13.636363636363635
3669	30.0
3670	9.090909090909092
3671	13.333333333333334
3672	47.61904761904761
3673	25.0
3674	7.6923076923076925
3675	42.857142857142854
3676	20.689655172413794
3677	46.15384615384615
3678	7.142857142857142
3679	19.047619047619047
3680	26.666666666666668
3681	10.0
3682	33.33333333333333
3683	13.043478260869565
3684	27.27272727272727
3685	5.88235294117647
3686	100.0
3687	28.57142857142857
3688	47.368421052631575
3689	75.0
3690	18.181818181818183
3691	16.666666666666664
3692	15.0
3693	21.62162162162162
3694	66.66666666666666
3695	12.5
3696	0.0
3697	0.0
3698	5.263157894736842
3699	0.0
3700	8.333333333333332
3701	3.571428571428571
3702	3.571428571428571
3703	2.380952380952381
3704	2.2222222222222223
3705	18.181818181818183
3706	0.0
3707	7.142857142857142
3708	7.142857142857142
3709	21.428571428571427
3710	11.538461538461538
3711	22.727272727272727
3712	20.0
3713	7.142857142857142
3714	25.0
3715	33.33333333333333
3716	12.5
3717	0.0
3718	0.0
3719	40.0
3720	2.7027027027027026
3721	3.0303030303030303
3722	9.523809523809524
3723	23.076923076923077
3724	6.666666666666667
3725	57.14285714285714
3726	9.67741935483871
3727	10.0
3728	16.666666666666664
3729	7.6923076923076925
3730	10.0
3731	14.285714285714285
3732	57.14285714285714
3733	12.0
3734	0.0
3735	9.090909090909092
3736	16.666666666666664
3737	0.0
3738	16.666666666666664
3739	20.0
3740	44.44444444444444
3741	20.0
3742	35.294117647058826
3743	25.0
3744	33.33333333333333
3745	66.66666666666666
3746	21.052631578947366
3747	2.083333333333333
3748	11.11111111111111
3749	18.181818181818183
3750	14.285714285714285
3751	0.0
3752	14.285714285714285
3753	0.0
3754	20.0
3755	0.0
3756	4.166666666666666
3757	0.0
3758	16.666666666666664
3759	0.0
3760	0.0
3761	11.76470588235294
3762	0.0
3763	4.545454545454546
3764	0.0
3765	0.0
3766	0.0
3767	0.0
3768	12.5
3769	4.3478260869565215
3770	9.090909090909092
3771	11.538461538461538
3772	75.0
3773	0.0
3774	8.333333333333332
3775	0.0
3776	15.151515151515152
3777	11.76470588235294
3778	25.0
3779	10.0
3780	34.285714285714285
3781	19.51219512195122
3782	36.36363636363637
3783	42.857142857142854
3784	5.555555555555555
3785	0.0
3786	25.0
3787	37.83783783783784
3788	0.0
3789	0.0
3790	25.0
3791	20.0
3792	40.0
3793	8.571428571428571
3794	14.893617021276595
3795	16.0
3796	100.0
3797	25.0
3798	0.0
3799	33.33333333333333
3800	25.0
3801	11.11111111111111
3802	16.666666666666664
3803	50.0
3804	14.285714285714285
3805	16.666666666666664
3806	8.333333333333332
3807	25.806451612903224
3808	33.33333333333333
3809	14.285714285714285
3810	16.666666666666664
3811	9.090909090909092
3812	16.666666666666664
3813	23.076923076923077
3814	19.230769230769234
3815	9.090909090909092
3816	15.384615384615385
3817	8.695652173913043
3818	3.9215686274509802
3819	16.216216216216218
3820	30.76923076923077
3821	33.33333333333333
3822	14.285714285714285
3823	20.0
3824	6.25
3825	11.76470588235294
3826	10.0
3827	28.57142857142857
3828	5.88235294117647
3829	0.0
3830	11.11111111111111
3831	12.5
3832	37.5
3833	2.941176470588235
3834	5.555555555555555
3835	5.88235294117647
3836	4.761904761904762
3837	0.0
3838	100.0
3839	66.66666666666666
3840	0.0
3841	33.33333333333333
3842	0.0
3843	0.0
3844	8.333333333333332
3845	0.0
3846	0.0
3847	13.333333333333334
3848	8.333333333333332
3849	7.6923076923076925
3850	17.647058823529413
3851	36.36363636363637
3852	0.0
3853	0.0
3854	83.33333333333334
3855	6.25
3856	4.761904761904762
3857	20.0
3858	11.11111111111111
3859	7.6923076923076925
3860	0.0
3861	8.695652173913043
3862	7.6923076923076925
3863	21.052631578947366
3864	7.142857142857142
3865	11.11111111111111
3866	14.285714285714285
3867	50.0
3868	8.333333333333332
3869	14.285714285714285
3870	0.0
3871	18.181818181818183
3872	0.0
3873	14.285714285714285
3874	6.25
3875	0.0
3876	7.4074074074074066
3877	6.896551724137931
3878	4.3478260869565215
3879	4.3478260869565215
3880	10.0
3881	8.0
3882	8.0
3883	10.344827586206897
3884	0.0
3885	5.263157894736842
3886	5.263157894736842
3887	42.857142857142854
3888	0.0
3889	0.0
3890	0.0
3891	0.0
3892	78.26086956521739
3893	10.0
3894	0.0
3895	8.333333333333332
3896	38.46153846153847
3897	23.809523809523807
3898	3.3333333333333335
3899	57.14285714285714
3900	52.38095238095239
3901	8.0
3902	11.11111111111111
3903	50.0
3904	22.22222222222222
3905	50.0
3906	36.36363636363637
3907	25.0
3908	0.0
3909	20.0
3910	25.0
3911	0.0
3912	8.333333333333332
3913	5.88235294117647
3914	16.666666666666664
3915	10.526315789473683
3916	16.666666666666664
3917	5.714285714285714
3918	13.333333333333334
3919	12.5
3920	9.090909090909092
3921	7.936507936507936
3922	10.0
3923	8.695652173913043
3924	9.090909090909092
3925	10.0
3926	7.6923076923076925
3927	9.523809523809524
3928	13.333333333333334
3929	41.66666666666667
3930	6.666666666666667
3931	20.0
3932	8.0
3933	11.11111111111111
3934	3.7037037037037033
3935	8.695652173913043
3936	0.0
3937	0.0
3938	4.3478260869565215
3939	0.0
3940	33.33333333333333
3941	0.0
3942	66.66666666666666
3943	33.33333333333333
3944	0.0
3945	40.0
3946	33.33333333333333
3947	20.0
3948	15.0
3949	85.71428571428571
3950	21.052631578947366
3951	0.0
3952	40.0
3953	31.818181818181817
3954	5.555555555555555
3955	0.0
3956	11.904761904761903
3957	0.0
3958	24.137931034482758
3959	8.333333333333332
3960	29.166666666666668
3961	4.0
3962	11.11111111111111
3963	0.0
3964	0.0
3965	0.0
3966	9.090909090909092
3967	0.0
3968	0.0
3969	27.27272727272727
3970	0.0
3971	6.25
3972	16.666666666666664
3973	7.142857142857142
3974	4.166666666666666
3975	23.076923076923077
3976	5.263157894736842
3977	26.666666666666668
3978	16.666666666666664
3979	42.857142857142854
3980	20.0
3981	12.5
3982	0.0
3983	0.0
3984	16.666666666666664
3985	5.88235294117647
3986	5.88235294117647
3987	16.666666666666664
3988	14.285714285714285
3989	54.54545454545454
3990	7.6923076923076925
3991	8.695652173913043
3992	10.0
3993	0.0
3994	60.0
3995	17.647058823529413
3996	22.22222222222222
3997	25.0
3998	0.0
3999	31.25
4000	9.090909090909092
4001	11.11111111111111
4002	5.263157894736842
4003	100.0
4004	9.615384615384617
4005	5.263157894736842
4006	2.857142857142857
4007	17.857142857142858
4008	14.285714285714285
4009	11.76470588235294
4010	8.333333333333332
4011	23.076923076923077
4012	16.666666666666664
4013	0.0
4014	23.076923076923077
4015	50.0
4016	22.22222222222222
4017	12.5
4018	5.88235294117647
4019	20.0
4020	12.5
4021	0.0
4022	0.0
4023	77.77777777777779
4024	0.0
4025	6.25
4026	7.6923076923076925
4027	25.0
4028	0.0
4029	25.0
4030	10.0
4031	0.0
4032	33.33333333333333
4033	7.6923076923076925
4034	0.0
4035	15.789473684210526
4036	33.33333333333333
4037	0.0
4038	0.0
4039	0.0
4040	20.0
4041	40.0
4042	12.5
4043	12.903225806451612
4044	0.0
4045	5.263157894736842
4046	0.0
4047	3.225806451612903
4048	7.5
4049	0.0
4050	0.0
4051	12.0
4052	3.7037037037037033
4053	14.285714285714285
4054	25.0
4055	25.0
4056	11.11111111111111
4057	20.0
4058	6.666666666666667
4059	5.0
4060	11.11111111111111
4061	11.538461538461538
4062	12.903225806451612
4063	42.857142857142854
4064	100.0
4065	11.76470588235294
4066	0.0
4067	50.0
4068	23.076923076923077
4069	36.0
4070	66.66666666666666
4071	18.91891891891892
4072	25.0
4073	100.0
4074	64.28571428571429
4075	10.0
4076	4.545454545454546
4077	29.03225806451613
4078	20.0
4079	0.0
4080	13.333333333333334
4081	4.25531914893617
4082	4.545454545454546
4083	66.66666666666666
4084	19.298245614035086
4085	11.76470588235294
4086	18.75
4087	8.47457627118644
4088	13.043478260869565
4089	5.88235294117647
4090	8.47457627118644
4091	3.7037037037037033
4092	25.0
4093	0.0
4094	100.0
4095	6.666666666666667
4096	7.575757575757576
4097	10.44776119402985
4098	1.9607843137254901
4099	8.333333333333332
4100	100.0
4101	25.0
4102	100.0
4103	2.0
4104	8.333333333333332
4105	1.8867924528301887
4106	30.0
4107	35.714285714285715
4108	9.523809523809524
4109	12.280701754385964
4110	16.666666666666664
4111	5.714285714285714
4112	15.555555555555555
4113	9.090909090909092
4114	100.0
4115	10.81081081081081
4116	16.9811320754717
4117	100.0
4118	0.0
4119	17.647058823529413
4120	50.0
4121	100.0
4122	66.66666666666666
4123	16.666666666666664
4124	100.0
4125	13.20754716981132
4126	6.0606060606060606
4127	50.0
4128	20.0
4129	15.384615384615385
4130	75.0
4131	100.0
4132	12.280701754385964
4133	4.545454545454546
4134	100.0
4135	3.0303030303030303
4136	3.571428571428571
4137	11.76470588235294
4138	16.666666666666664
4139	8.333333333333332
4140	14.545454545454545
4141	0.0
4142	100.0
4143	10.344827586206897
4144	7.142857142857142
4145	8.19672131147541
4146	2.127659574468085
4147	4.545454545454546
4148	85.71428571428571
4149	57.14285714285714
4150	15.384615384615385
4151	66.66666666666666
4152	3.0303030303030303
4153	6.25
4154	10.0
4155	60.0
4156	25.0
4157	25.0
4158	17.391304347826086
4159	40.0
4160	100.0
4161	50.0
4162	0.0
4163	16.666666666666664
4164	14.545454545454545
4165	5.172413793103448
4166	11.11111111111111
4167	0.0
4168	0.0
4169	8.0
4170	7.6923076923076925
4171	7.6923076923076925
4172	5.88235294117647
4173	16.666666666666664
4174	0.0
4175	25.0
4176	8.333333333333332
4177	5.88235294117647
4178	0.0
4179	5.0
4180	0.0
4181	8.333333333333332
4182	8.333333333333332
4183	9.090909090909092
4184	10.0
4185	25.0
4186	100.0
4187	50.0
4188	25.0
4189	7.142857142857142
4190	28.57142857142857
4191	9.090909090909092
4192	23.076923076923077
4193	18.181818181818183
4194	3.571428571428571
4195	33.33333333333333
4196	7.6923076923076925
4197	22.22222222222222
4198	100.0
4199	100.0
4200	100.0
4201	23.52941176470588
4202	28.57142857142857
4203	19.047619047619047
4204	0.0
4205	144.44444444444443
4206	100.0
4207	14.285714285714285
4208	0.0
4209	0.0
4210	8.571428571428571
4211	7.6923076923076925
4212	6.666666666666667
4213	18.75
4214	29.629629629629626
4215	6.666666666666667
4216	9.523809523809524
4217	37.5
4218	25.0
4219	13.793103448275861
4220	9.090909090909092
4221	21.27659574468085
4222	10.0
4223	27.27272727272727
4224	20.0
4225	55.00000000000001
4226	12.5
4227	18.181818181818183
4228	10.0
4229	5.263157894736842
4230	4.651162790697675
4231	0.0
4232	0.0
4233	25.0
4234	12.903225806451612
4235	57.14285714285714
4236	3.4482758620689653
4237	16.666666666666664
4238	11.538461538461538
4239	0.0
4240	14.285714285714285
4241	9.090909090909092
4242	21.428571428571427
4243	13.043478260869565
4244	0.0
4245	14.285714285714285
4246	33.33333333333333
4247	100.0
4248	12.5
4249	10.0
4250	52.38095238095239
4251	0.0
4252	0.0
4253	14.285714285714285
4254	8.695652173913043
4255	30.952380952380953
4256	36.84210526315789
4257	20.0
4258	66.66666666666666
4259	13.333333333333334
4260	20.0
4261	35.294117647058826
4262	20.833333333333336
4263	66.66666666666666
4264	19.230769230769234
4265	22.641509433962266
4266	0.0
4267	75.0
4268	25.0
4269	33.33333333333333
4270	26.0
4271	15.384615384615385
4272	22.22222222222222
4273	47.05882352941176
4274	60.0
4275	60.0
4276	35.38461538461539
4277	16.666666666666664
4278	45.0
4279	30.303030303030305
4280	5.263157894736842
4281	31.25
4282	18.51851851851852
4283	39.130434782608695
4284	8.333333333333332
4285	18.75
4286	7.6923076923076925
4287	31.818181818181817
4288	16.0
4289	17.5
4290	28.57142857142857
4291	50.0
4292	100.0
4293	33.33333333333333
4294	15.384615384615385
4295	21.052631578947366
4296	0.0
4297	28.57142857142857
4298	16.666666666666664
4299	25.0
4300	28.57142857142857
4301	13.043478260869565
4302	59.45945945945946
4303	40.909090909090914
4304	33.33333333333333
4305	29.411764705882355
4306	16.666666666666664
4307	0.0
4308	15.384615384615385
4309	16.666666666666664
4310	12.5
4311	40.0
4312	77.77777777777779
4313	68.42105263157895
4314	25.0
4315	14.285714285714285
4316	31.25
4317	6.666666666666667
4318	20.0
4319	100.0
4320	150.0
4321	16.666666666666664
4322	20.0
4323	5.0
4324	22.22222222222222
4325	7.142857142857142
4326	30.76923076923077
4327	0.0
4328	8.333333333333332
4329	3.7037037037037033
4330	4.3478260869565215
4331	7.6923076923076925
4332	6.666666666666667
4333	50.0
4334	5.88235294117647
4335	15.384615384615385
4336	29.411764705882355
4337	32.0
4338	11.428571428571429
4339	22.22222222222222
4340	35.0
4341	12.5
4342	16.129032258064516
4343	14.285714285714285
4344	14.285714285714285
4345	13.333333333333334
4346	9.090909090909092
4347	16.666666666666664
4348	21.428571428571427
4349	10.0
4350	0.0
4351	9.090909090909092
4352	12.5
4353	21.73913043478261
4354	3.7037037037037033
4355	0.0
4356	6.25
4357	0.0
4358	0.0
4359	0.0
4360	14.285714285714285
4361	13.333333333333334
4362	10.0
4363	11.11111111111111
4364	15.789473684210526
4365	0.0
4366	8.823529411764707
4367	9.090909090909092
4368	0.0
4369	0.0
4370	7.142857142857142
4371	20.0
4372	9.090909090909092
4373	35.714285714285715
4374	27.27272727272727
4375	20.0
4376	0.0
4377	40.0
4378	33.33333333333333
4379	100.0
4380	0.0
4381	25.0
4382	12.5
4383	100.0
4384	40.0
4385	21.73913043478261
4386	11.11111111111111
4387	100.0
4388	10.0
4389	0.0
4390	10.0
4391	25.0
4392	0.0
4393	50.0
4394	60.0
4395	6.666666666666667
4396	28.57142857142857
4397	28.57142857142857
4398	33.33333333333333
4399	100.0
4400	0.0
4401	0.0
4402	16.666666666666664
4403	0.0
4404	60.0
4405	0.0
4406	5.88235294117647
4407	0.0
4408	0.0
4409	12.5
4410	9.090909090909092
4411	10.0
4412	25.0
4413	5.0
4414	11.11111111111111
4415	25.0
4416	16.666666666666664
4417	0.0
4418	28.57142857142857
4419	100.0
4420	20.0
4421	18.181818181818183
4422	11.76470588235294
4423	0.0
4424	5.0
4425	15.384615384615385
4426	11.11111111111111
4427	21.21212121212121
4428	26.666666666666668
4429	71.42857142857143
4430	100.0
4431	71.42857142857143
4432	25.0
4433	100.0
4434	100.0
4435	72.72727272727273
4436	100.0
4437	100.0
4438	100.0
4439	90.0
4440	28.57142857142857
4441	50.0
4442	81.81818181818183
4443	0.0
4444	17.24137931034483
4445	8.108108108108109
4446	0.0
4447	7.6923076923076925
4448	7.6923076923076925
4449	36.36363636363637
4450	4.3478260869565215
4451	13.636363636363635
4452	5.88235294117647
4453	18.181818181818183
4454	9.090909090909092
4455	4.166666666666666
4456	28.57142857142857
4457	50.0
4458	36.36363636363637
4459	50.0
4460	10.0
4461	30.76923076923077
4462	0.0
4463	21.428571428571427
4464	0.0
4465	100.0
4466	23.076923076923077
4467	100.0
4468	100.0
4469	84.61538461538461
4470	25.0
4471	86.66666666666667
4472	37.5
4473	13.333333333333334
4474	22.22222222222222
4475	28.57142857142857
4476	18.51851851851852
4477	14.285714285714285
4478	12.5
4479	50.0
4480	0.0
4481	56.25
4482	26.666666666666668
4483	7.6923076923076925
4484	71.42857142857143
4485	50.0
4486	37.5
4487	10.0
4488	0.0
4489	10.0
4490	0.0
4491	40.0
4492	14.285714285714285
4493	83.33333333333334
4494	0.0
4495	10.526315789473683
4496	14.285714285714285
4497	12.5
4498	0.0
4499	25.0
4500	11.538461538461538
4501	14.285714285714285
4502	22.22222222222222
4503	6.666666666666667
4504	0.0
4505	4.166666666666666
4506	9.090909090909092
4507	10.0
4508	66.66666666666666
4509	25.0
4510	0.0
4511	66.66666666666666
4512	12.5
4513	11.538461538461538
4514	20.833333333333336
4515	0.0
4516	18.75
4517	20.0
4518	28.57142857142857
4519	33.33333333333333
4520	0.0
4521	0.0
4522	13.636363636363635
4523	42.857142857142854
4524	40.0
4525	16.666666666666664
4526	6.25
4527	18.181818181818183
4528	40.0
4529	30.0
4530	23.076923076923077
4531	4.761904761904762
4532	40.0
4533	37.5
4534	5.88235294117647
4535	34.78260869565217
4536	25.0
4537	50.0
4538	13.333333333333334
4539	14.285714285714285
4540	0.0
4541	0.0
4542	20.0
4543	9.090909090909092
4544	0.0
4545	50.0
4546	25.0
4547	0.0
4548	8.333333333333332
4549	54.54545454545454
4550	12.5
4551	16.0
4552	16.666666666666664
4553	0.0
4554	0.0
4555	11.11111111111111
4556	40.0
4557	28.57142857142857
4558	34.78260869565217
4559	44.44444444444444
4560	10.0
4561	0.0
4562	11.11111111111111
4563	10.0
4564	0.0
4565	0.0
4566	14.285714285714285
4567	26.31578947368421
4568	13.333333333333334
4569	0.0
4570	26.666666666666668
4571	12.5
4572	7.894736842105263
4573	20.0
4574	42.857142857142854
4575	12.5
4576	0.0
4577	9.090909090909092
4578	0.0
4579	2.857142857142857
4580	7.142857142857142
4581	5.555555555555555
4582	8.333333333333332
4583	0.0
4584	28.57142857142857
4585	6.25
4586	11.76470588235294
4587	9.090909090909092
4588	7.142857142857142
4589	6.0606060606060606
4590	7.4074074074074066
4591	0.0
4592	2.857142857142857
4593	16.666666666666664
4594	6.666666666666667
4595	0.0
4596	0.0
4597	2.2222222222222223
4598	7.4074074074074066
4599	8.333333333333332
4600	26.47058823529412
4601	7.6923076923076925
4602	11.11111111111111
4603	3.125
4604	12.5
4605	16.666666666666664
4606	66.66666666666666
4607	57.14285714285714
4608	60.0
4609	40.0
4610	50.0
4611	50.0
4612	0.0
4613	11.76470588235294
4614	25.0
4615	20.0
4616	28.57142857142857
4617	20.0
4618	47.368421052631575
4619	6.976744186046512
4620	9.090909090909092
4621	26.31578947368421
4622	20.0
4623	20.0
4624	9.090909090909092
4625	0.0
4626	0.0
4627	9.523809523809524
4628	46.15384615384615
4629	21.21212121212121
4630	23.52941176470588
4631	31.914893617021278
4632	0.0
4633	5.0
4634	0.0
4635	10.0
4636	10.0
4637	16.666666666666664
4638	16.666666666666664
4639	7.142857142857142
4640	4.0
4641	20.0
4642	27.27272727272727
4643	33.33333333333333
4644	0.0
4645	7.142857142857142
4646	9.090909090909092
4647	10.526315789473683
4648	0.0
4649	18.75
4650	7.894736842105263
4651	25.0
4652	22.22222222222222
4653	4.761904761904762
4654	9.523809523809524
4655	17.391304347826086
4656	15.0
4657	13.333333333333334
4658	4.761904761904762
4659	33.33333333333333
4660	36.36363636363637
4661	6.896551724137931
4662	15.0
4663	17.24137931034483
4664	55.55555555555556
4665	62.5
4666	45.45454545454545
4667	31.25
4668	15.0
4669	12.5
4670	0.0
4671	33.33333333333333
4672	16.666666666666664
4673	18.75
4674	14.285714285714285
4675	15.384615384615385
4676	6.666666666666667
4677	5.263157894736842
4678	33.33333333333333
4679	0.0
4680	7.142857142857142
4681	20.689655172413794
4682	0.0
4683	4.0
4684	0.0
4685	17.391304347826086
4686	0.0
4687	35.0
4688	12.5
4689	0.0
4690	24.444444444444443
4691	27.27272727272727
4692	13.636363636363635
4693	28.57142857142857
4694	10.0
4695	100.0
4696	25.0
4697	24.444444444444443
4698	31.25
4699	54.54545454545454
4700	33.33333333333333
4701	13.333333333333334
4702	41.17647058823529
4703	20.0
4704	25.0
4705	14.285714285714285
4706	60.86956521739131
4707	18.75
4708	9.090909090909092
4709	4.761904761904762
4710	76.47058823529412
4711	21.428571428571427
4712	50.0
4713	25.0
4714	66.66666666666666
4715	22.22222222222222
4716	66.66666666666666
4717	22.22222222222222
4718	9.090909090909092
4719	16.666666666666664
4720	12.5
4721	7.6923076923076925
4722	86.66666666666667
4723	22.727272727272727
4724	38.88888888888889
4725	8.333333333333332
4726	17.647058823529413
4727	30.76923076923077
4728	15.555555555555555
4729	50.0
4730	30.76923076923077
4731	8.333333333333332
4732	3.7037037037037033
4733	20.0
4734	33.33333333333333
4735	33.33333333333333
4736	6.896551724137931
4737	6.25
4738	11.76470588235294
4739	2.857142857142857
4740	18.181818181818183
4741	11.363636363636363
4742	12.5
4743	12.5
4744	25.0
4745	0.0
4746	20.0
4747	37.5
4748	0.0
4749	5.88235294117647
4750	12.5
4751	0.0
4752	14.285714285714285
4753	25.0
4754	0.0
4755	10.0
4756	5.263157894736842
4757	26.31578947368421
4758	6.451612903225806
4759	47.368421052631575
4760	30.0
4761	0.0
4762	35.0
4763	25.0
4764	12.5
4765	14.285714285714285
4766	19.35483870967742
4767	2.7777777777777777
4768	60.0
4769	47.72727272727273
4770	21.428571428571427
4771	13.043478260869565
4772	14.285714285714285
4773	40.0
4774	25.806451612903224
4775	13.333333333333334
4776	4.761904761904762
4777	9.090909090909092
4778	21.428571428571427
4779	17.647058823529413
4780	40.0
4781	15.384615384615385
4782	11.627906976744185
4783	36.36363636363637
4784	30.0
4785	13.333333333333334
4786	21.73913043478261
4787	18.181818181818183
4788	11.76470588235294
4789	12.5
4790	7.4074074074074066
4791	20.0
4792	26.08695652173913
4793	6.25
4794	33.33333333333333
4795	5.0
4796	5.263157894736842
4797	20.833333333333336
4798	0.0
4799	32.35294117647059
4800	0.0
4801	3.3333333333333335
4802	13.333333333333334
4803	22.22222222222222
4804	0.0
4805	6.25
4806	14.705882352941178
4807	10.714285714285714
4808	25.0
4809	33.33333333333333
4810	25.925925925925924
4811	29.411764705882355
4812	70.0
4813	14.285714285714285
4814	10.714285714285714
4815	25.0
4816	20.0
4817	9.090909090909092
4818	5.0
4819	53.57142857142857
4820	5.88235294117647
4821	0.0
4822	15.384615384615385
4823	23.809523809523807
4824	28.57142857142857
4825	36.0
4826	5.128205128205128
4827	7.4074074074074066
4828	10.0
4829	6.451612903225806
4830	27.27272727272727
4831	25.71428571428571
4832	27.659574468085108
4833	10.344827586206897
4834	11.538461538461538
4835	13.043478260869565
4836	16.666666666666664
4837	15.384615384615385
4838	33.33333333333333
4839	12.0
4840	11.11111111111111
4841	4.545454545454546
4842	20.0
4843	4.761904761904762
4844	9.375
4845	22.22222222222222
4846	4.545454545454546
4847	18.75
4848	9.090909090909092
4849	10.0
4850	52.0
4851	15.384615384615385
4852	20.833333333333336
4853	8.333333333333332
4854	5.263157894736842
4855	0.0
4856	7.142857142857142
4857	36.84210526315789
4858	22.5
4859	30.0
4860	23.076923076923077
4861	7.547169811320755
4862	2.631578947368421
4863	5.0
4864	2.941176470588235
4865	12.5
4866	8.928571428571429
4867	6.25
4868	2.7777777777777777
4869	7.317073170731707
4870	20.689655172413794
4871	0.0
4872	100.0
4873	0.0
4874	9.67741935483871
4875	16.666666666666664
4876	8.0
4877	50.0
4878	3.6363636363636362
4879	5.0
4880	13.333333333333334
4881	100.0
4882	2.564102564102564
4883	100.0
4884	50.0
4885	20.833333333333336
4886	100.0
4887	25.0
4888	5.88235294117647
4889	6.451612903225806
4890	20.0
4891	0.0
4892	11.11111111111111
4893	14.285714285714285
4894	5.0
4895	7.142857142857142
4896	9.30232558139535
4897	25.0
4898	0.0
4899	12.5
4900	0.0
4901	7.142857142857142
4902	8.695652173913043
4903	14.285714285714285
4904	5.263157894736842
4905	6.382978723404255
4906	9.75609756097561
4907	0.0
4908	33.33333333333333
4909	0.0
4910	33.33333333333333
4911	18.181818181818183
4912	3.8461538461538463
4913	3.7037037037037033
4914	4.166666666666666
4915	16.666666666666664
4916	11.11111111111111
4917	4.0
4918	6.666666666666667
4919	6.25
4920	20.0
4921	50.0
4922	133.33333333333331
4923	15.789473684210526
4924	10.344827586206897
4925	24.0
4926	0.0
4927	15.789473684210526
4928	40.0
4929	11.76470588235294
4930	15.384615384615385
4931	10.256410256410255
4932	21.73913043478261
4933	4.166666666666666
4934	100.0
4935	10.0
4936	40.0
4937	6.666666666666667
4938	36.36363636363637
4939	20.0
4940	13.88888888888889
4941	25.0
4942	44.44444444444444
4943	50.0
4944	0.0
4945	9.375
4946	25.0
4947	18.51851851851852
4948	4.0
4949	14.285714285714285
4950	8.333333333333332
4951	4.25531914893617
4952	50.0
4953	100.0
4954	200.0
4955	14.285714285714285
4956	25.0
4957	0.0
4958	25.0
4959	2.631578947368421
4960	6.896551724137931
4961	25.0
4962	6.666666666666667
4963	8.333333333333332
4964	25.0
4965	14.705882352941178
4966	11.666666666666666
4967	38.46153846153847
4968	100.0
4969	10.714285714285714
4970	100.0
4971	50.0
4972	100.0
4973	14.285714285714285
4974	19.047619047619047
4975	8.333333333333332
4976	5.263157894736842
4977	100.0
4978	7.5
4979	3.0303030303030303
4980	8.695652173913043
4981	9.523809523809524
4982	50.0
4983	12.5
4984	66.66666666666666
4985	100.0
4986	100.0
4987	16.666666666666664
4988	0.0
4989	7.142857142857142
4990	4.25531914893617
4991	14.814814814814813
4992	12.121212121212121
4993	100.0
4994	8.333333333333332
4995	11.11111111111111
4996	10.526315789473683
4997	25.0
4998	19.35483870967742
4999	100.0
5000	13.043478260869565
5001	75.0
5002	7.4074074074074066
5003	100.0
5004	7.142857142857142
5005	30.0
5006	4.761904761904762
5007	8.88888888888889
5008	75.0
5009	0.0
5010	7.4074074074074066
5011	40.0
5012	10.204081632653061
5013	100.0
5014	25.0
5015	25.0
5016	15.384615384615385
5017	6.666666666666667
5018	10.0
5019	11.76470588235294
5020	23.076923076923077
5021	100.0
5022	16.666666666666664
5023	25.0
5024	100.0
5025	66.66666666666666
5026	13.20754716981132
5027	6.666666666666667
5028	13.333333333333334
5029	1.6666666666666667
5030	7.5
5031	15.151515151515152
5032	50.0
5033	3.6363636363636362
5034	33.33333333333333
5035	8.333333333333332
5036	11.538461538461538
5037	4.0
5038	100.0
5039	5.263157894736842
5040	14.285714285714285
5041	20.0
5042	13.333333333333334
5043	33.33333333333333
5044	66.66666666666666
5045	33.33333333333333
5046	100.0
5047	16.666666666666664
5048	100.0
5049	9.375
5050	100.0
5051	75.0
5052	8.333333333333332
5053	57.14285714285714
5054	100.0
5055	22.857142857142858
5056	0.0
5057	100.0
5058	33.33333333333333
5059	10.0
5060	1.9607843137254901
5061	8.88888888888889
5062	100.0
5063	33.33333333333333
5064	28.57142857142857
5065	17.5
5066	14.285714285714285
5067	25.0
5068	0.0
5069	50.0
5070	33.33333333333333
5071	100.0
5072	14.285714285714285
5073	12.5
5074	25.0
5075	100.0
5076	22.22222222222222
5077	22.22222222222222
5078	100.0
5079	10.0
5080	42.857142857142854
5081	25.0
5082	25.0
5083	40.0
5084	40.0
5085	42.857142857142854
5086	33.33333333333333
5087	50.0
5088	33.33333333333333
5089	16.666666666666664
5090	9.090909090909092
5091	100.0
5092	100.0
5093	9.375
5094	10.204081632653061
5095	23.404255319148938
5096	100.0
5097	11.320754716981133
5098	44.44444444444444
5099	44.44444444444444
5100	0.0
5101	13.157894736842104
5102	12.5
5103	8.16326530612245
5104	5.263157894736842
5105	12.5
5106	9.75609756097561
5107	30.0
5108	25.0
5109	14.285714285714285
5110	6.0
5111	11.76470588235294
5112	38.46153846153847
5113	50.0
5114	18.75
5115	30.76923076923077
5116	1.6666666666666667
5117	6.666666666666667
5118	10.204081632653061
5119	13.461538461538462
5120	3.225806451612903
5121	2.0408163265306123
5122	9.30232558139535
5123	14.285714285714285
5124	4.444444444444445
5125	5.0
5126	14.285714285714285
5127	4.166666666666666
5128	4.0
5129	4.3478260869565215
5130	2.272727272727273
5131	5.0
5132	60.0
5133	4.651162790697675
5134	13.333333333333334
5135	12.5
5136	20.0
5137	33.33333333333333
5138	12.5
5139	100.0
5140	25.0
5141	16.666666666666664
5142	33.33333333333333
5143	25.0
5144	33.33333333333333
5145	25.0
5146	31.25
5147	0.0
5148	15.384615384615385
5149	8.333333333333332
5150	20.0
5151	20.0
5152	7.6923076923076925
5153	12.5
5154	14.285714285714285
5155	9.090909090909092
5156	7.142857142857142
5157	16.666666666666664
5158	12.5
5159	5.714285714285714
5160	20.0
5161	12.5
5162	25.0
5163	2.857142857142857
5164	5.555555555555555
5165	50.0
5166	16.666666666666664
5167	22.22222222222222
5168	33.33333333333333
5169	15.384615384615385
5170	8.333333333333332
5171	25.0
5172	2.7777777777777777
5173	6.0606060606060606
5174	6.666666666666667
5175	5.263157894736842
5176	22.22222222222222
5177	6.896551724137931
5178	8.333333333333332
5179	6.666666666666667
5180	50.0
5181	20.0
5182	8.333333333333332
5183	4.0
5184	33.33333333333333
5185	37.5
5186	7.5
5187	16.666666666666664
5188	33.33333333333333
5189	25.0
5190	22.22222222222222
5191	33.33333333333333
5192	33.33333333333333
5193	16.666666666666664
5194	100.0
5195	20.0
5196	38.46153846153847
5197	11.538461538461538
5198	0.0
5199	18.75
5200	3.8461538461538463
5201	12.5
5202	33.33333333333333
5203	4.761904761904762
5204	0.0
5205	16.666666666666664
5206	6.451612903225806
5207	5.769230769230769
5208	37.5
5209	20.0
5210	33.33333333333333
5211	50.0
5212	20.0
5213	50.0
5214	33.33333333333333
5215	27.77777777777778
5216	10.526315789473683
5217	20.0
5218	40.0
5219	20.0
5220	36.84210526315789
5221	100.0
5222	20.0
5223	31.57894736842105
5224	100.0
5225	18.181818181818183
5226	9.090909090909092
5227	2.7027027027027026
5228	57.14285714285714
5229	8.333333333333332
5230	18.75
5231	100.0
5232	200.0
5233	4.545454545454546
5234	16.666666666666664
5235	50.0
5236	8.108108108108109
5237	4.878048780487805
5238	7.142857142857142
5239	50.0
5240	6.25
5241	5.714285714285714
5242	4.081632653061225
5243	17.5
5244	16.666666666666664
5245	5.555555555555555
5246	18.181818181818183
5247	3.6363636363636362
5248	5.88235294117647
5249	11.363636363636363
5250	10.0
5251	42.857142857142854
5252	50.0
5253	80.0
5254	100.0
5255	100.0
5256	16.0
5257	9.375
5258	4.878048780487805
5259	100.0
5260	16.3265306122449
5261	23.684210526315788
5262	33.33333333333333
5263	14.814814814814813
5264	26.08695652173913
5265	85.71428571428571
5266	50.0
5267	15.686274509803921
5268	21.875
5269	3.4482758620689653
5270	15.18987341772152
5271	33.33333333333333
5272	6.976744186046512
5273	21.62162162162162
5274	100.0
5275	19.35483870967742
5276	25.0
5277	14.285714285714285
5278	60.0
5279	4.545454545454546
5280	15.789473684210526
5281	14.634146341463413
5282	0.0
5283	0.0
5284	66.66666666666666
5285	9.090909090909092
5286	100.0
5287	50.0
5288	22.22222222222222
5289	14.705882352941178
5290	6.666666666666667
5291	38.88888888888889
5292	53.333333333333336
5293	21.052631578947366
5294	4.761904761904762
5295	3.571428571428571
5296	8.0
5297	0.0
5298	11.11111111111111
5299	11.11111111111111
5300	13.461538461538462
5301	14.285714285714285
5302	3.7037037037037033
5303	10.344827586206897
5304	20.0
5305	3.4482758620689653
5306	0.0
5307	66.66666666666666
5308	0.0
5309	25.0
5310	6.666666666666667
5311	6.666666666666667
5312	25.0
5313	2.857142857142857
5314	12.5
5315	3.4482758620689653
5316	9.523809523809524
5317	50.0
5318	20.0
5319	16.0
5320	18.181818181818183
5321	10.638297872340425
5322	5.555555555555555
5323	13.636363636363635
5324	16.666666666666664
5325	13.636363636363635
5326	16.666666666666664
5327	24.137931034482758
5328	18.181818181818183
5329	5.0
5330	2.7777777777777777
5331	5.88235294117647
5332	14.285714285714285
5333	0.0
5334	5.263157894736842
5335	4.0
5336	4.761904761904762
5337	4.761904761904762
5338	5.0
5339	9.090909090909092
5340	25.0
5341	66.66666666666666
5342	8.333333333333332
5343	0.0
5344	2.7027027027027026
5345	3.3333333333333335
5346	5.405405405405405
5347	7.6923076923076925
5348	10.0
5349	11.11111111111111
5350	12.0
5351	0.0
5352	5.714285714285714
5353	22.22222222222222
5354	25.0
5355	100.0
5356	50.0
5357	28.57142857142857
5358	0.0
5359	100.0
5360	16.666666666666664
5361	8.333333333333332
5362	0.0
5363	3.3333333333333335
5364	13.333333333333334
5365	7.6923076923076925
5366	18.75
5367	7.4074074074074066
5368	11.363636363636363
5369	0.0
5370	6.666666666666667
5371	3.9215686274509802
5372	33.33333333333333
5373	8.928571428571429
5374	12.727272727272727
5375	9.090909090909092
5376	12.5
5377	21.428571428571427
5378	4.761904761904762
5379	28.57142857142857
5380	15.384615384615385
5381	14.285714285714285
5382	8.333333333333332
5383	17.647058823529413
5384	6.666666666666667
5385	3.0303030303030303
5386	20.0
5387	33.33333333333333
5388	25.0
5389	16.666666666666664
5390	13.636363636363635
5391	5.263157894736842
5392	6.25
5393	3.571428571428571
5394	16.666666666666664
5395	20.0
5396	12.5
5397	18.181818181818183
5398	22.448979591836736
5399	10.81081081081081
5400	9.090909090909092
5401	8.0
5402	11.11111111111111
5403	5.88235294117647
5404	11.11111111111111
5405	0.0
5406	15.384615384615385
5407	12.5
5408	0.0
5409	20.0
5410	0.0
5411	5.555555555555555
5412	14.285714285714285
5413	12.5
5414	22.22222222222222
5415	13.333333333333334
5416	4.166666666666666
5417	9.523809523809524
5418	10.0
5419	6.25
5420	12.5
5421	12.5
5422	16.666666666666664
5423	20.0
5424	60.0
5425	33.33333333333333
5426	5.263157894736842
5427	5.555555555555555
5428	10.0
5429	8.0
5430	4.761904761904762
5431	3.125
5432	8.333333333333332
5433	12.5
5434	8.333333333333332
5435	100.0
5436	10.526315789473683
5437	50.0
5438	42.857142857142854
